100 10
71 2
82 5
95 8
19 1
15 6
91 5
18 6
91 6
10 3
28 4
69 9
90 8
85 3
89 7
11 8
65 8
86 7
18 5
22 9
33 6
6 8
86 7
92 6
29 7
21 6
79 4
12 7
4 5
4 9
50 5
18 2
27 8
17 6
81 1
81 6
36 5
43 3
39 5
52 10
30 6
38 8
70 1
18 7
42 4
99 3
79 6
74 8
78 2
62 6
21 8
40 1
5 6
59 5
48 6
64 6
80 1
40 4
77 10
21 10
34 2
20 4
63 5
50 4
1 4
55 10
1 10
95 2
63 5
36 3
45 3
29 10
32 1
43 7
34 8
98 1
55 4
71 10
20 9
65 1
41 3
43 1
38 7
76 3
79 4
49 8
96 6
100 10
71 2
65 6
12 4
95 8
49 5
48 3
38 7
90 5
49 8
100 9
21 8
97 10
66 7
