200 30
42 2
82 2
68 5
47 1
48 5
31 5
79 5
87 3
85 5
45 5
81 4
29 5
23 5
5 4
55 1
71 2
54 5
55 3
24 5
11 5
99 5
80 1
92 1
20 2
8 2
72 1
20 1
24 5
70 5
28 5
100 5
86 2
93 1
70 5
76 1
11 5
58 4
46 4
27 4
52 5
23 4
41 5
87 5
85 2
33 5
42 4
56 5
11 3
88 5
13 1
95 4
23 1
49 1
3 3
88 4
54 1
12 5
41 1
96 1
62 4
9 3
42 2
45 3
88 4
22 3
93 1
74 3
83 4
25 4
31 4
10 2
15 4
2 1
12 1
59 5
12 2
22 3
93 5
37 4
56 2
86 5
17 2
77 4
80 2
87 5
29 2
56 3
35 3
45 3
27 1
68 1
51 5
45 5
63 3
59 5
21 3
5 4
36 3
99 1
65 5
65 3
80 2
18 4
44 4
26 4
3 5
4 5
70 1
31 1
11 1
48 1
63 4
69 2
70 3
69 4
9 3
50 5
80 5
64 2
19 2
39 4
100 5
69 2
23 1
81 3
19 3
33 2
67 5
49 2
94 1
41 2
92 1
96 2
2 3
63 2
25 4
96 1
29 1
49 3
60 4
67 3
44 2
5 1
34 3
50 1
41 2
62 1
91 4
17 4
89 2
32 3
37 5
62 2
54 4
32 5
31 3
28 4
34 2
96 1
6 1
62 5
30 1
39 3
78 4
61 4
77 3
23 2
64 4
82 5
27 1
7 4
48 4
9 2
63 1
99 3
81 1
33 4
83 5
59 5
92 2
94 5
40 5
23 5
71 4
72 5
21 4
4 4
59 4
100 5
45 5
67 5
19 3
97 3
10 2
64 5
47 3
25 2
96 2
14 2
77 2
