500 30
18 10
88 5
87 3
84 9
96 10
41 3
17 5
49 5
61 4
9 7
64 9
89 5
30 3
79 6
41 3
97 5
11 6
81 6
83 8
84 5
27 6
57 5
9 5
80 10
17 3
67 7
21 10
76 6
61 4
80 10
77 5
1 9
62 8
97 4
56 4
82 7
56 10
40 3
39 6
90 5
33 6
5 3
90 10
39 9
70 3
91 9
68 3
56 7
66 3
91 8
14 5
9 6
34 7
54 6
49 4
30 7
34 10
47 9
97 10
61 9
92 8
5 8
12 7
18 7
89 8
81 8
97 10
17 5
42 7
43 5
4 7
8 8
86 5
2 5
46 8
53 9
91 9
73 3
55 6
59 5
94 10
37 6
61 10
47 4
36 3
61 9
56 6
5 10
42 3
22 5
73 5
24 9
69 6
100 8
71 3
56 10
20 9
8 8
89 4
86 9
87 3
49 10
13 6
57 3
95 5
59 6
22 7
21 5
51 8
34 7
93 4
24 10
17 10
46 3
23 4
1 9
11 7
59 9
17 8
30 9
26 6
52 8
54 3
86 10
5 5
99 5
56 10
92 6
30 5
81 7
36 7
6 3
48 7
63 6
97 6
90 10
47 5
60 5
60 10
12 6
3 3
64 4
65 10
55 10
17 4
70 3
74 3
95 3
12 6
77 8
99 5
37 10
46 7
89 7
15 4
10 5
83 9
49 3
34 8
28 9
55 10
74 6
82 7
32 8
27 8
34 3
99 7
72 8
26 4
27 10
84 9
35 5
22 8
83 8
59 9
51 9
70 10
14 6
29 5
54 5
80 10
47 5
2 9
24 4
92 7
29 6
51 3
19 5
28 6
63 4
11 6
64 7
12 5
66 5
93 8
38 9
11 3
36 3
79 5
24 8
54 3
75 8
25 5
16 4
22 6
48 7
66 4
35 10
95 3
37 7
83 8
40 9
82 8
8 3
15 3
85 8
98 6
96 8
2 3
88 3
79 3
62 8
29 7
61 4
82 6
36 4
68 10
23 7
79 7
16 7
38 4
63 9
50 9
61 8
20 5
42 7
20 4
86 4
49 7
69 5
46 6
25 5
27 6
92 10
41 8
67 9
40 7
82 10
80 5
76 8
21 6
76 5
27 3
100 6
6 7
18 5
28 7
75 4
23 6
80 5
58 6
53 10
39 5
14 4
62 5
97 4
26 4
85 10
47 9
40 6
86 6
65 5
50 7
42 10
78 9
36 10
79 9
29 7
7 5
77 10
13 7
70 5
80 9
13 9
37 10
57 10
54 3
74 4
41 3
72 3
67 9
35 4
41 7
13 8
92 8
99 5
46 3
53 9
63 6
83 3
71 10
33 8
14 7
9 5
46 6
24 10
13 8
43 7
67 4
68 4
73 7
31 10
58 8
34 9
40 3
58 7
93 8
69 3
7 4
73 6
91 7
95 9
87 5
13 10
45 7
75 4
44 7
41 10
57 9
54 4
14 9
84 5
47 7
19 3
53 8
2 4
49 8
27 7
69 7
65 10
27 10
53 8
77 5
44 8
66 3
56 10
70 6
88 3
76 4
85 10
50 5
44 3
23 6
69 4
40 10
99 10
55 10
17 5
43 9
91 9
44 5
1 3
14 3
32 6
89 6
50 7
40 5
46 8
94 8
19 4
56 10
28 6
91 10
71 3
44 10
48 7
15 10
23 4
54 5
50 4
23 10
39 3
41 6
54 5
84 7
65 3
10 3
38 8
74 4
71 7
39 7
23 6
87 8
90 4
21 4
86 7
59 6
80 8
49 3
70 8
51 8
62 10
33 9
49 6
19 6
58 6
97 6
23 6
2 9
18 8
90 10
27 10
55 10
59 10
16 10
90 3
17 3
11 10
24 7
46 6
41 4
28 10
36 4
33 4
49 6
35 3
100 6
25 10
14 6
30 7
6 7
92 9
30 8
69 4
46 4
16 5
67 10
68 8
39 7
68 8
100 6
43 5
26 3
23 3
18 4
26 5
38 6
47 7
44 6
62 7
46 5
60 5
57 8
72 7
55 10
43 5
43 3
7 10
47 5
1 5
28 7
92 7
63 7
81 10
34 6
31 3
37 5
78 5
53 7
98 9
36 7
8 9
58 4
42 8
78 5
98 7
19 6
51 4
28 5
24 10
12 3
97 8
52 4
88 8
72 8
97 10
40 10
87 3
86 9
11 3
59 6
65 10
99 10
61 9
95 5
69 10
58 5
13 4
33 7
36 8
