500 30
24 7
46 4
86 8
84 6
5 7
80 6
77 8
51 8
55 8
40 6
79 6
41 6
72 4
79 7
40 3
31 3
23 2
57 6
30 6
90 7
18 8
27 6
44 8
46 7
32 2
14 6
50 4
76 7
99 5
49 4
28 4
77 2
97 8
11 4
76 5
64 3
28 7
5 7
50 8
39 4
60 2
44 7
4 2
23 7
23 3
66 7
83 4
96 8
3 4
25 7
85 7
72 5
2 2
25 3
44 8
49 8
58 4
31 3
32 3
43 6
31 8
49 7
49 2
80 3
96 4
77 4
24 7
47 7
22 6
87 7
56 5
35 6
86 4
36 3
8 7
57 2
55 3
58 5
74 4
25 4
94 5
38 4
98 3
47 7
54 6
5 5
45 3
29 7
27 4
63 8
23 5
50 2
4 3
32 8
25 7
34 3
38 4
35 2
56 6
95 5
53 6
49 4
24 2
52 6
78 4
82 3
2 5
14 8
47 3
48 6
72 4
36 2
27 7
5 8
78 8
82 5
81 7
59 8
88 4
86 8
75 4
46 8
66 8
92 3
22 2
96 2
39 5
72 3
89 4
100 7
61 2
46 6
15 3
100 3
7 4
78 6
27 6
87 2
17 3
22 4
93 7
83 6
35 3
75 2
69 6
79 6
30 5
79 5
41 3
97 8
14 6
22 4
69 4
75 5
13 5
31 5
2 7
23 7
85 3
10 4
51 2
85 5
37 2
86 7
23 6
45 4
98 8
26 4
99 4
23 4
53 4
61 2
100 5
70 7
4 7
88 2
21 7
66 5
80 6
11 3
5 4
11 7
25 4
63 4
4 4
1 2
48 8
2 7
38 2
73 3
100 8
19 8
92 5
46 6
42 2
2 8
28 8
80 5
33 8
64 2
32 6
32 8
37 7
42 7
22 8
7 4
68 3
80 5
54 2
71 6
54 4
65 6
44 7
36 8
36 6
45 5
73 2
82 5
22 8
83 3
76 4
60 7
75 2
82 4
41 4
46 6
46 6
85 6
14 8
42 7
6 3
98 6
63 2
22 2
85 4
75 2
93 6
9 8
12 4
59 7
78 2
32 2
18 4
59 5
53 2
79 6
49 5
62 6
4 5
61 4
75 6
69 4
49 6
94 8
79 2
93 3
36 6
69 6
92 3
74 7
37 8
89 8
27 4
88 7
76 5
52 5
29 5
67 4
99 5
55 6
80 3
4 8
90 8
93 5
6 5
17 3
47 5
97 4
24 8
26 2
48 3
42 8
54 5
88 5
58 2
23 8
57 7
32 5
41 6
22 5
5 4
41 8
11 6
47 3
95 6
5 4
25 7
77 5
46 4
91 6
33 5
42 5
89 4
94 3
81 6
99 7
64 4
64 6
80 4
47 8
34 4
69 2
33 8
84 2
87 8
29 4
65 6
3 6
74 5
95 4
79 5
34 7
100 2
67 7
91 4
56 4
29 7
54 4
88 2
62 8
95 6
32 4
16 8
23 6
14 5
91 5
40 4
16 6
78 2
66 3
13 3
25 3
2 6
67 7
99 8
94 4
86 3
46 5
3 3
29 7
32 5
43 6
88 6
10 8
21 2
71 3
94 6
53 8
77 4
83 7
79 5
56 6
81 5
91 5
11 5
100 7
18 2
43 3
77 6
45 4
60 3
9 6
96 3
36 7
81 8
39 3
72 8
67 4
48 6
25 7
4 8
3 5
74 6
36 7
15 3
18 8
56 6
6 8
80 6
19 7
19 6
74 4
66 8
74 3
44 3
75 3
74 2
58 6
1 8
72 4
70 2
61 8
46 8
41 2
91 8
69 4
65 7
97 8
95 6
6 8
88 6
3 6
50 3
65 8
53 7
47 5
11 8
19 5
15 5
30 3
61 2
21 6
77 3
85 6
93 2
56 8
58 3
10 4
72 6
30 5
52 5
62 2
93 5
70 5
33 7
76 4
69 5
66 4
40 6
52 3
62 8
9 5
30 6
41 5
47 5
75 3
93 6
8 4
33 3
37 6
89 7
88 4
53 5
55 2
99 7
1 7
54 7
79 5
83 3
39 4
9 6
27 6
94 2
61 2
18 2
46 4
99 3
67 3
100 6
95 6
32 6
9 7
52 6
74 3
6 7
57 5
11 4
18 5
23 7
67 7
53 2
11 3
45 6
71 2
69 3
25 3
8 8
97 8
17 2
5 5
20 8
66 6
80 5
15 4
12 3
11 8
36 4
69 4
10 5
6 5
