200 30
62 10
6 10
95 4
89 3
25 7
11 3
95 8
95 8
61 7
40 4
6 9
73 6
94 6
75 4
1 9
95 4
60 7
66 6
13 3
47 7
100 9
86 4
19 7
90 4
99 5
39 4
76 3
49 7
92 10
8 5
30 9
62 4
51 4
75 9
98 7
16 3
28 9
96 7
71 3
7 6
49 4
20 7
34 8
43 9
15 5
85 3
11 8
51 8
29 8
92 3
12 6
83 4
93 6
52 3
68 6
52 10
48 5
22 6
33 8
44 5
58 4
7 8
28 3
1 3
85 5
26 5
91 10
1 8
43 6
44 5
25 7
80 6
27 3
27 8
43 4
39 10
17 5
68 7
30 3
67 5
2 4
9 10
64 10
39 8
9 9
17 5
19 3
85 3
92 10
14 8
40 4
63 3
23 6
65 4
67 5
63 3
89 5
58 9
86 3
13 4
96 8
72 10
46 4
7 6
84 7
91 7
51 6
2 4
24 10
81 7
24 7
50 10
35 3
42 7
1 10
22 9
63 4
17 3
8 6
73 5
7 3
10 10
36 9
46 8
20 6
53 3
72 7
44 5
91 8
28 6
47 5
76 4
5 4
19 5
50 3
36 5
69 10
3 3
12 3
18 8
40 9
90 10
11 9
31 7
44 10
82 7
94 4
70 8
63 4
14 6
53 4
68 5
19 7
16 3
65 5
62 6
49 7
8 6
56 7
85 4
52 3
23 3
74 7
16 10
1 10
9 5
66 4
14 7
50 10
4 3
18 9
67 4
4 6
42 4
17 9
38 4
64 7
43 4
70 7
74 7
69 5
62 10
84 5
93 6
26 8
1 9
39 7
81 7
27 6
41 5
51 8
99 4
28 5
54 7
94 6
5 6
22 4
1 6
80 5
13 8
