200 50
88 9
73 8
4 1
29 6
21 9
45 3
58 9
4 3
27 7
96 3
90 9
52 1
22 7
99 9
74 5
94 6
79 2
79 10
18 8
83 4
36 1
90 8
35 8
47 5
4 6
66 2
6 10
9 7
35 9
32 10
87 6
21 7
92 2
5 5
77 9
73 4
51 4
16 3
32 10
74 9
76 3
83 4
21 10
30 3
58 1
73 8
79 10
87 10
9 4
60 2
90 5
47 5
60 8
68 6
1 10
93 10
61 6
93 9
21 9
21 2
23 9
72 5
79 10
54 2
4 3
86 7
58 2
25 8
26 6
47 5
59 8
20 1
58 6
67 10
72 7
78 10
54 9
73 7
15 4
5 5
70 10
100 5
9 5
96 9
68 6
8 3
32 9
31 6
42 6
94 5
24 7
73 9
9 6
85 6
83 2
10 10
85 9
55 8
81 9
33 5
6 4
82 10
1 1
87 1
17 10
18 10
9 5
75 6
3 6
82 5
16 2
10 3
44 8
92 7
25 4
27 9
46 7
95 1
28 7
34 1
46 6
4 4
97 2
45 3
8 1
19 9
14 6
12 5
1 6
9 6
27 2
31 10
27 3
36 9
54 4
58 3
29 6
38 8
38 8
1 3
82 6
14 3
29 7
57 4
91 7
42 3
72 10
82 7
34 4
50 2
66 8
55 5
10 8
88 6
3 2
29 9
75 2
10 2
49 8
96 4
94 5
26 3
27 9
65 8
88 7
51 8
87 8
34 10
24 10
87 6
44 2
37 3
24 2
70 4
79 2
39 9
94 5
98 1
12 4
36 2
52 10
2 5
81 2
61 3
52 6
55 1
38 5
13 8
94 10
4 9
20 4
97 3
57 3
88 7
30 9
6 6
32 10
13 9
94 8
43 4
