200 50
41 5
32 7
95 8
95 2
44 7
30 3
85 2
43 4
97 6
12 4
55 2
75 2
10 2
4 3
41 3
62 3
20 5
52 7
40 7
27 3
93 3
98 3
58 7
17 2
67 2
100 3
21 5
60 8
37 7
10 6
67 7
46 2
14 4
1 3
12 4
77 3
97 2
86 2
58 3
43 5
32 6
28 3
6 4
98 6
34 6
10 3
96 3
50 4
16 4
44 3
36 8
57 4
22 6
61 8
69 4
64 4
24 6
55 6
97 3
78 3
33 8
75 8
8 4
26 2
100 6
3 5
66 3
41 6
97 3
89 3
48 4
61 8
5 8
22 7
10 6
96 3
70 5
86 3
8 4
32 3
21 8
64 5
88 6
88 8
14 4
40 8
97 7
44 2
30 6
40 7
50 5
63 8
15 8
36 4
68 2
1 3
100 3
41 7
4 2
96 2
38 2
19 2
20 7
55 6
49 4
62 3
83 4
47 5
36 2
26 6
24 3
57 3
85 6
69 8
6 8
60 8
16 2
50 2
84 7
92 6
23 2
6 7
82 6
29 3
14 8
35 2
42 8
19 5
82 4
17 2
50 5
35 4
73 4
49 3
20 6
3 8
1 4
22 5
66 5
26 5
99 4
45 6
73 4
87 6
89 6
80 3
50 8
27 8
39 6
79 7
17 7
47 4
93 7
82 5
93 5
74 5
95 5
72 7
96 3
40 2
60 2
11 8
34 5
69 3
98 3
3 3
82 4
2 4
51 5
35 4
11 7
93 2
98 8
49 2
63 6
88 7
59 4
86 7
81 2
49 6
29 6
48 2
33 3
2 2
15 6
6 4
5 5
57 8
11 4
55 4
68 4
35 8
59 2
53 6
62 8
57 4
36 5
11 8
72 6
43 5
