500 50
94 9
93 9
7 9
48 5
97 10
67 10
66 10
85 9
18 5
85 10
74 3
43 10
95 4
3 7
82 6
8 5
71 10
19 4
47 9
97 6
88 4
72 9
97 5
66 5
16 7
58 10
15 8
47 10
77 7
96 5
9 9
80 8
91 3
68 8
21 9
11 7
18 3
61 10
20 9
58 3
22 10
17 3
61 10
23 6
98 7
1 8
86 4
65 6
18 3
54 3
37 6
23 5
71 10
53 4
10 9
1 3
30 3
13 10
87 6
67 8
5 4
33 8
41 8
36 6
20 9
81 8
92 3
28 4
98 7
54 10
58 10
63 3
50 3
95 7
8 7
15 10
58 10
45 5
14 5
76 7
97 7
82 4
70 6
11 3
63 4
69 10
41 9
13 9
75 9
64 3
54 4
68 6
83 4
34 10
92 5
34 8
44 10
31 4
78 7
33 8
78 4
29 9
40 9
33 7
80 7
27 8
90 6
11 5
5 4
36 5
70 8
56 7
91 8
61 5
27 6
50 5
47 3
31 9
97 6
86 4
52 6
58 9
54 7
41 8
76 9
2 10
73 10
69 6
79 4
35 8
68 10
84 3
68 4
96 4
24 10
12 4
67 8
92 7
15 7
47 8
33 5
99 6
75 8
23 9
4 5
57 9
88 6
65 4
32 6
68 5
71 3
96 8
91 9
60 4
9 3
85 6
37 8
12 6
62 8
74 4
48 10
22 10
2 9
96 8
46 9
79 6
60 5
67 7
52 8
4 9
48 7
18 9
31 8
56 5
66 8
73 6
100 9
81 8
97 8
78 7
40 10
33 9
98 6
31 5
19 10
20 9
19 6
46 9
65 3
94 7
68 4
95 6
56 8
70 7
56 7
9 9
30 6
68 4
11 3
17 5
32 10
56 5
10 10
81 3
69 8
22 10
91 9
89 8
93 5
7 6
87 4
78 6
41 3
47 4
35 4
65 7
34 3
11 10
66 6
65 10
83 7
16 10
90 9
80 8
88 4
96 7
90 5
81 9
55 7
91 6
17 8
42 7
15 10
63 3
53 4
64 7
23 6
5 4
21 10
68 5
52 7
67 4
25 8
29 4
78 7
51 3
47 5
49 9
38 7
52 3
92 8
82 10
76 10
30 10
8 9
49 10
85 5
33 10
98 10
92 8
96 9
37 9
48 7
66 7
24 9
30 7
65 5
74 5
69 9
76 3
67 7
20 6
49 5
50 3
60 7
24 3
51 4
49 5
44 4
61 6
92 9
94 7
72 9
74 7
58 9
18 5
7 10
5 6
52 10
54 5
28 3
68 7
50 3
92 6
94 7
85 4
56 10
60 7
59 3
70 4
45 8
51 6
99 7
71 5
47 3
91 5
36 6
6 8
46 6
56 7
31 6
99 4
59 7
89 4
62 3
33 9
58 9
77 6
64 9
7 7
15 4
41 7
8 4
6 10
22 6
89 4
62 6
21 10
60 3
56 5
63 7
33 3
86 5
3 8
54 10
28 6
15 5
27 7
23 9
15 10
87 8
39 9
66 3
2 4
60 6
46 3
87 7
56 8
23 10
25 4
42 6
5 9
24 5
54 8
20 8
18 8
34 7
65 10
28 7
32 5
12 3
55 7
4 4
66 6
26 3
10 8
67 4
47 7
49 7
55 9
47 5
13 5
67 6
81 8
71 7
13 3
26 4
83 7
44 6
89 9
34 9
44 6
23 8
69 6
30 8
45 3
5 4
4 10
12 6
43 10
72 5
89 8
84 3
65 6
97 6
4 10
77 10
98 7
22 9
80 8
36 3
69 8
97 6
5 7
73 10
6 9
89 8
39 5
75 7
57 7
61 5
47 4
31 9
31 10
40 9
12 4
96 6
73 7
19 9
54 7
89 5
53 3
95 4
27 5
3 9
80 7
34 10
56 3
89 9
25 9
81 4
11 9
78 10
34 8
26 9
93 5
46 7
76 3
25 3
61 6
68 4
58 5
42 3
16 7
16 4
10 6
80 6
46 3
70 8
95 6
59 10
18 9
53 5
59 3
40 8
3 7
51 6
94 7
8 6
32 7
17 4
39 7
91 8
80 4
28 6
10 6
71 5
63 3
30 5
90 3
11 5
62 3
11 4
66 9
49 6
85 4
2 4
78 6
45 4
84 10
6 9
13 8
40 4
60 8
71 6
62 9
61 9
59 5
71 8
95 7
23 8
21 6
45 8
18 3
90 5
39 5
90 6
70 3
80 7
11 10
