200 30
61 2
94 4
25 3
98 6
48 7
79 8
77 4
35 8
51 3
1 6
35 8
80 3
49 4
21 4
43 3
33 8
20 4
19 7
56 2
46 8
61 8
9 4
33 5
74 3
8 7
41 4
92 4
79 6
84 2
69 3
51 4
34 3
74 7
72 5
32 7
2 5
58 3
42 2
82 8
3 5
12 6
40 8
37 7
93 8
80 6
83 5
22 2
36 8
69 4
54 8
39 5
43 3
26 6
5 3
85 2
35 7
90 4
39 3
75 3
86 2
81 4
71 8
36 8
3 7
87 2
51 2
44 8
1 2
59 7
29 7
42 5
44 7
65 8
42 2
3 8
37 8
37 5
71 7
23 5
57 3
99 2
90 5
31 8
86 6
34 5
79 4
37 7
22 3
88 5
14 7
67 6
24 4
70 7
55 3
37 3
50 8
25 6
84 8
8 6
86 2
37 2
92 3
37 5
71 8
57 8
59 6
50 7
55 2
2 7
58 5
40 3
68 8
72 8
90 3
62 4
9 7
24 4
16 5
16 7
79 6
67 5
39 3
91 6
88 3
100 2
9 6
17 8
79 4
69 8
92 8
55 5
9 7
3 7
29 6
74 6
93 5
52 5
86 2
83 6
100 2
15 5
34 8
63 5
4 5
48 4
79 4
3 5
5 2
6 5
24 8
23 5
33 5
47 3
2 3
24 8
71 4
84 3
56 5
24 6
23 8
28 2
24 2
99 8
59 6
90 4
74 7
69 3
20 3
50 2
71 2
47 7
10 4
51 6
2 8
1 8
26 6
31 3
37 6
21 5
19 4
76 5
13 2
30 8
20 5
77 2
43 3
48 6
98 3
21 6
58 4
4 6
81 6
22 4
61 3
71 8
51 8
76 2
64 5
96 6
24 2
