200 10
42 5
69 8
89 6
50 3
16 8
7 4
97 6
3 8
22 5
67 4
29 3
89 5
27 3
37 5
25 6
39 2
39 7
87 2
21 3
57 4
30 8
11 7
42 3
19 3
89 6
66 2
80 4
93 4
32 6
10 2
56 7
76 7
38 5
72 6
62 2
63 5
81 6
97 4
26 3
5 6
75 2
10 5
66 7
89 3
40 3
15 4
97 6
66 5
28 4
13 7
67 7
89 4
82 8
84 4
22 3
84 5
80 4
63 3
83 4
14 2
92 6
83 4
97 2
70 2
39 6
93 6
21 3
37 2
100 4
69 6
12 5
18 8
54 4
33 4
15 6
40 5
21 5
41 8
89 8
71 6
65 8
12 4
24 7
99 2
74 8
49 4
48 6
3 4
67 8
96 5
56 6
16 8
4 5
86 3
69 6
71 3
35 2
45 4
70 2
8 4
86 4
39 2
43 2
88 8
23 5
7 4
27 7
3 2
60 6
60 3
29 5
95 5
66 7
76 3
42 5
48 6
64 5
66 6
9 6
9 6
69 2
24 4
53 2
6 6
81 3
36 7
13 2
24 8
96 8
40 7
2 4
71 4
20 3
57 8
85 7
51 8
31 2
38 8
34 6
31 5
64 7
4 3
57 8
4 5
73 8
56 5
22 4
1 3
92 5
15 4
12 4
55 4
73 2
29 3
93 7
39 3
70 8
63 7
78 4
9 4
50 4
32 2
8 8
52 5
90 5
7 2
65 8
66 5
52 8
87 6
48 4
23 7
21 2
4 7
49 3
66 3
60 5
6 2
66 8
84 6
9 8
26 3
80 8
6 3
89 2
38 7
17 6
21 6
85 4
21 7
5 4
12 2
68 5
52 6
20 3
61 5
52 3
97 2
61 3
56 3
