500 50
28 2
22 4
7 4
88 3
77 3
53 6
16 7
52 3
99 5
96 3
35 8
34 3
44 8
49 5
11 3
78 2
97 2
7 5
4 2
13 5
78 7
100 8
88 2
9 3
98 4
40 3
40 2
45 7
91 5
73 4
73 3
62 8
83 3
43 5
18 4
45 3
42 7
51 8
34 2
65 4
94 4
72 4
53 8
67 2
28 5
48 4
34 5
17 5
69 3
75 3
15 6
41 4
42 3
92 3
16 2
72 2
24 8
71 8
43 7
76 5
96 7
40 2
16 7
14 5
31 5
45 3
1 4
81 8
79 8
79 3
23 8
100 2
21 4
6 4
51 2
29 5
36 4
15 7
19 4
89 7
82 2
51 4
93 3
35 5
2 3
66 6
56 3
47 3
18 5
59 5
49 2
48 3
52 8
69 4
78 5
27 8
3 4
79 6
69 8
54 8
2 3
96 6
80 7
82 8
94 3
96 4
52 7
52 5
30 4
20 7
4 6
62 4
1 4
12 7
14 5
5 5
35 5
22 6
73 5
89 4
68 8
80 4
9 5
11 3
31 2
30 2
26 8
67 2
41 8
82 7
27 6
8 6
61 7
74 6
87 4
6 3
25 7
14 5
63 6
14 8
53 2
93 8
16 2
43 6
88 8
56 6
22 8
93 2
19 6
36 8
45 6
3 7
96 6
85 3
13 7
60 3
26 5
89 7
11 7
6 3
23 6
25 6
61 6
52 3
81 3
49 4
85 5
97 7
4 5
18 5
35 6
16 6
80 6
56 4
22 7
58 5
84 3
54 7
89 7
85 8
24 7
29 3
89 7
56 6
59 6
27 6
41 5
100 4
53 4
19 4
3 4
69 6
20 8
22 2
3 3
86 7
10 8
26 6
46 6
54 3
83 3
56 5
47 3
78 6
16 2
86 3
26 7
36 5
6 7
89 7
98 7
86 4
84 7
53 6
35 5
34 5
92 7
68 5
100 2
53 5
24 2
53 3
18 8
60 2
100 6
49 8
88 6
47 2
48 4
46 2
77 6
73 5
53 4
74 7
61 8
66 2
40 4
20 8
34 8
48 4
71 5
36 4
1 3
32 2
34 3
63 7
48 6
14 4
26 6
85 8
91 8
48 5
69 3
73 5
99 5
3 8
9 3
48 4
47 6
23 6
10 8
69 7
13 8
75 4
45 7
51 3
68 8
49 7
13 3
8 2
34 6
60 3
14 7
48 8
48 8
62 2
75 3
30 7
10 8
5 8
96 7
28 4
49 2
99 5
18 2
24 6
24 2
50 5
11 4
79 7
99 6
92 7
85 5
88 6
83 6
73 4
6 8
77 8
26 8
15 5
34 2
64 2
54 3
42 5
16 5
72 5
5 8
45 5
43 8
86 2
89 8
88 5
40 5
72 2
22 3
10 4
86 7
85 2
4 3
80 8
48 7
36 5
38 8
46 5
34 7
43 4
28 6
54 2
80 3
47 8
100 3
80 3
96 4
99 5
4 3
51 3
93 6
83 8
14 4
39 5
14 5
87 2
14 8
79 4
55 4
8 2
47 6
81 2
48 8
6 3
68 6
86 2
74 2
15 4
42 5
42 7
6 4
57 4
16 7
86 2
67 3
68 2
7 7
73 4
18 2
44 8
35 4
84 8
54 5
62 7
29 2
67 3
9 6
75 4
85 7
40 7
72 6
36 6
1 6
62 3
14 6
23 4
27 3
20 4
16 8
68 5
39 7
1 4
98 2
95 5
23 4
44 4
87 8
17 2
28 6
71 3
27 6
53 7
59 7
91 4
90 3
81 5
32 4
61 2
83 4
86 6
57 3
37 4
84 8
79 5
94 3
10 4
4 8
93 2
56 5
44 6
97 8
80 6
8 2
11 6
4 2
58 7
5 2
88 3
76 8
73 7
5 6
79 5
79 5
16 2
42 8
61 2
78 4
40 5
28 6
67 3
37 3
79 2
19 6
90 2
24 5
8 6
86 4
62 2
93 4
36 6
72 6
57 4
36 3
61 7
90 4
9 2
45 3
33 5
73 5
19 4
68 5
33 5
44 4
35 4
71 2
80 4
88 6
99 7
68 2
51 5
91 6
96 6
60 5
93 6
66 2
7 8
10 6
56 4
37 5
21 3
55 3
14 7
27 3
42 2
37 6
61 5
17 2
45 5
33 2
33 5
6 6
73 5
74 6
54 6
15 3
28 4
28 7
77 6
42 4
70 3
4 4
69 8
47 7
86 6
