200 50
86 4
69 3
26 4
59 10
66 9
43 7
97 5
23 10
73 3
99 3
8 8
22 3
19 3
34 7
98 10
23 9
31 7
79 10
88 3
53 7
39 5
74 4
22 10
42 10
49 7
70 4
32 3
22 9
59 10
46 6
13 4
9 10
6 6
37 4
43 7
21 7
43 5
30 9
8 5
93 7
82 9
74 4
40 8
44 8
17 3
81 7
82 9
27 9
47 5
24 5
51 5
60 6
54 9
33 10
51 3
94 4
12 8
49 9
60 6
20 5
60 4
82 6
80 3
36 9
58 7
9 8
89 8
92 10
56 9
61 6
14 9
19 10
74 4
63 5
79 7
37 3
6 4
40 5
64 6
50 7
1 9
79 8
52 6
74 6
37 10
14 8
17 3
69 8
81 8
14 6
11 4
48 7
31 8
85 3
92 3
9 7
28 10
11 5
11 10
83 10
86 6
98 9
100 5
88 7
78 10
11 8
94 4
16 9
78 3
85 8
43 8
68 5
9 9
87 3
89 10
65 4
69 10
46 6
17 4
30 9
62 7
42 3
76 9
12 10
11 5
40 9
91 10
68 6
20 8
8 4
50 5
43 10
68 9
44 6
32 5
100 9
36 3
61 9
69 10
27 7
57 3
85 4
37 3
22 10
98 9
91 5
17 8
30 7
33 8
76 9
21 7
15 5
90 3
9 10
18 6
84 10
16 10
62 7
77 5
3 6
5 10
71 4
79 7
21 10
45 4
78 7
28 6
45 4
45 8
38 10
20 6
74 5
15 6
95 6
9 9
64 10
61 5
82 10
58 7
2 4
30 7
71 9
60 9
84 8
76 7
44 10
20 10
73 8
100 3
89 6
4 4
58 6
40 4
71 6
97 3
6 7
18 6
32 9
60 3
7 10
