200 10
55 8
70 5
69 7
59 3
35 5
35 6
5 5
85 5
59 9
78 6
79 4
30 7
67 7
74 6
24 3
78 10
21 6
91 9
32 9
28 7
54 9
46 8
32 3
71 3
91 7
93 9
70 6
1 4
17 5
63 9
15 7
50 5
18 10
32 8
34 7
78 4
31 7
31 9
2 5
19 7
67 8
56 3
54 4
84 4
43 6
43 9
49 6
44 9
39 10
37 10
90 8
95 5
75 5
12 6
8 8
67 5
51 5
66 8
49 5
46 3
65 9
26 3
7 10
24 4
76 6
48 3
39 3
58 4
17 3
43 9
17 10
32 7
55 5
35 8
95 6
26 6
57 3
79 3
48 8
50 5
6 7
47 9
10 9
86 8
14 3
26 4
21 6
9 9
3 5
41 7
23 6
88 3
86 7
87 4
62 8
25 4
2 4
12 6
76 9
59 7
25 9
77 4
37 6
38 3
99 8
17 7
36 8
50 3
9 3
74 10
80 4
10 4
90 5
5 4
90 7
70 8
97 8
89 3
35 8
17 4
94 3
58 5
62 7
84 3
84 9
12 9
73 9
92 7
8 4
74 6
5 10
70 4
43 3
77 8
74 7
76 7
82 6
61 8
70 5
88 8
82 10
73 7
73 7
31 8
10 5
25 3
45 8
50 4
62 10
16 6
5 5
35 7
72 7
90 8
42 6
22 10
14 4
66 7
28 10
32 8
33 3
42 5
35 5
61 9
84 4
82 5
56 10
5 8
41 4
60 5
86 3
85 4
66 9
15 9
4 8
25 10
86 3
8 5
77 9
22 8
21 9
47 4
40 4
94 3
94 8
33 6
39 9
43 9
91 9
28 7
94 8
90 5
2 5
13 4
82 10
70 8
19 9
77 9
53 8
91 5
