100 30
50 7
44 6
51 2
31 2
86 5
83 5
93 7
90 5
34 5
62 5
14 10
3 5
38 4
21 5
78 3
28 10
92 9
33 3
32 6
1 9
47 8
47 6
45 5
31 8
42 1
36 9
12 8
52 3
14 9
78 9
27 2
36 4
64 7
18 6
33 1
71 10
18 5
77 4
34 3
32 2
28 7
31 8
62 3
49 3
83 5
72 6
98 4
74 6
34 9
31 4
11 6
61 8
72 6
76 3
61 4
39 2
82 7
23 9
29 7
76 9
54 9
39 3
33 1
36 3
6 2
37 2
86 10
97 3
20 5
98 3
84 1
43 7
64 4
59 4
10 7
73 10
66 10
72 1
94 9
21 6
71 7
49 5
42 7
48 7
78 8
56 2
100 2
29 8
54 4
77 5
100 9
82 10
5 5
71 6
35 4
26 5
85 7
61 8
48 4
32 5
