500 50
86 5
72 8
82 3
34 3
14 4
98 5
77 7
78 6
46 9
37 7
37 2
22 3
72 7
34 4
2 1
55 3
100 1
45 1
44 2
21 10
53 10
34 8
97 1
65 1
93 8
9 3
63 2
100 8
39 7
22 5
23 7
54 4
72 10
13 10
26 3
73 6
72 10
14 7
65 2
45 4
14 10
90 10
82 3
29 4
59 6
30 9
24 9
59 9
99 5
56 1
92 5
2 7
34 2
71 10
95 3
41 8
16 3
25 4
32 3
69 8
27 10
22 5
86 10
89 2
60 8
7 5
78 6
43 4
48 2
38 9
54 5
5 3
22 2
13 8
36 1
17 4
97 3
7 4
64 3
43 7
66 4
94 5
33 6
100 6
54 2
100 8
65 5
22 1
12 8
32 5
95 10
28 10
64 2
14 10
7 2
40 6
41 9
99 6
34 3
62 1
29 10
88 8
81 2
6 1
76 4
46 4
20 6
5 3
9 8
95 9
68 6
43 5
17 9
38 10
40 8
30 8
81 5
24 7
51 10
72 1
54 6
13 4
54 5
62 10
44 10
86 3
1 2
98 7
76 9
31 4
49 2
53 4
24 10
39 8
32 2
18 7
4 9
67 8
10 1
69 3
88 9
68 7
13 3
13 5
22 8
85 2
14 9
4 2
92 7
96 7
87 1
25 7
69 10
27 1
14 2
46 7
3 3
62 8
53 8
72 6
6 9
94 7
66 9
92 8
48 6
62 3
38 8
100 4
87 6
60 8
15 8
31 4
88 8
27 1
15 10
19 9
40 3
45 3
43 6
46 6
32 1
37 1
87 3
51 1
2 4
7 10
7 4
12 1
41 7
80 7
48 8
47 6
64 10
95 5
19 8
78 5
93 7
50 9
1 6
51 4
35 1
44 7
54 7
25 8
8 1
81 4
96 8
6 5
39 6
29 5
43 9
59 4
8 7
14 4
98 4
18 10
89 3
53 7
94 4
55 5
63 5
23 1
30 7
18 1
38 4
79 6
29 10
34 3
18 5
57 8
84 6
78 4
54 7
28 3
53 5
43 1
49 3
97 4
7 4
56 9
37 10
63 8
66 8
63 7
8 7
56 4
48 5
37 10
30 4
43 1
30 6
51 5
99 1
32 4
72 9
50 8
47 1
12 2
82 10
75 7
3 1
85 7
54 3
74 8
76 5
80 4
37 8
82 9
5 3
27 9
54 2
37 10
96 7
53 7
64 8
47 1
22 9
52 10
15 7
36 8
87 6
55 5
89 4
10 4
38 7
42 3
98 1
68 4
41 7
18 7
33 3
44 6
7 1
80 4
24 9
40 8
26 10
80 9
82 9
47 4
33 1
13 8
79 5
89 10
30 7
60 8
71 9
80 10
76 6
38 1
98 2
70 9
54 1
41 8
93 3
2 8
39 7
68 7
97 3
33 6
75 4
91 3
79 2
23 2
2 4
9 8
74 4
29 1
73 2
78 7
3 10
28 8
54 1
99 2
99 7
83 8
99 9
10 8
44 2
38 5
45 7
59 4
25 8
57 5
57 1
57 8
40 1
52 2
5 7
53 4
71 7
24 1
100 5
48 4
4 3
5 5
91 10
90 3
51 7
2 8
15 10
32 9
44 3
72 5
41 2
100 3
7 8
33 9
94 6
97 7
75 2
57 3
72 3
42 9
94 6
15 1
92 1
56 8
4 7
30 1
86 7
53 5
74 9
22 5
17 8
31 4
43 9
24 1
6 8
66 4
80 8
42 10
63 2
49 3
73 7
53 3
61 5
3 2
62 5
36 3
67 8
42 9
100 5
48 7
91 6
78 1
54 7
28 1
51 7
24 9
86 6
68 4
40 5
99 9
13 7
23 5
74 7
9 4
94 5
35 6
93 9
15 4
35 3
62 3
96 8
23 5
19 4
72 7
100 9
67 7
92 10
23 7
10 10
64 2
39 9
66 6
37 4
18 8
30 2
53 10
68 5
43 8
69 3
90 10
25 5
10 5
89 8
21 9
34 5
93 2
4 3
50 7
90 5
97 2
24 3
98 7
62 5
37 8
96 4
56 2
60 2
88 8
18 5
57 9
3 3
57 6
76 5
23 2
23 9
14 8
42 3
95 8
53 7
75 6
22 1
59 4
91 4
78 1
96 7
72 10
35 7
18 2
79 4
98 8
36 3
9 3
99 6
81 3
57 6
2 4
92 5
12 7
25 6
28 4
95 3
56 4
29 7
76 10
24 9
59 5
