100 50
68 3
45 7
20 1
14 5
36 5
71 8
76 1
48 9
23 4
39 4
74 5
78 8
20 10
15 10
35 1
54 4
33 1
47 3
22 2
61 1
16 5
76 10
89 6
75 8
34 9
78 10
57 4
50 3
81 6
3 5
26 3
38 9
70 3
61 10
78 10
56 3
65 10
85 2
54 1
4 1
57 8
86 1
90 2
34 7
60 2
63 8
87 2
48 3
3 10
80 3
20 6
6 7
27 1
25 4
28 8
59 5
17 8
79 1
62 1
37 8
44 5
97 7
28 7
21 2
47 6
98 7
77 4
36 7
50 5
72 3
8 7
23 9
13 9
81 1
81 8
68 10
60 7
88 8
20 9
47 10
28 7
62 1
36 8
10 4
50 10
10 4
64 1
33 5
49 1
82 4
13 1
12 10
35 6
42 2
43 7
52 7
10 8
11 6
2 1
91 10
