200 10
13 3
89 4
38 4
70 5
97 4
7 3
82 4
95 4
80 3
37 5
29 5
97 5
64 2
42 3
60 1
11 1
52 1
66 5
87 5
49 4
39 4
98 2
96 1
27 3
80 3
27 5
91 5
97 1
52 5
29 4
21 5
9 2
53 5
40 3
57 2
67 2
86 1
93 5
12 1
76 3
63 2
65 2
98 4
7 3
88 5
97 2
34 4
73 2
10 1
27 2
52 5
33 4
44 1
5 1
75 4
43 5
90 2
8 5
31 1
31 5
64 5
48 2
85 2
19 2
86 2
21 2
51 3
15 4
18 5
23 5
8 3
84 1
67 3
84 1
34 5
3 5
16 4
14 2
57 2
11 2
94 2
68 4
65 5
24 5
64 4
72 5
53 3
51 5
3 1
56 3
10 1
76 1
21 3
21 3
70 4
43 3
88 2
43 2
44 3
37 3
25 2
35 5
35 4
100 3
87 1
21 3
18 2
84 5
96 5
97 5
52 5
87 4
41 2
36 5
35 5
80 1
79 2
43 2
17 2
80 4
29 1
53 1
19 5
67 4
24 2
48 1
69 1
37 5
60 4
53 2
66 3
93 5
57 1
40 5
88 2
11 3
8 5
91 3
89 5
35 5
82 4
47 2
43 3
42 2
93 5
61 5
74 2
33 1
27 2
16 1
98 3
7 4
79 1
80 3
58 1
96 3
63 2
98 1
31 2
64 4
9 4
79 1
73 2
29 5
89 5
88 5
71 3
24 2
87 1
91 1
19 3
54 2
20 4
7 3
59 5
21 3
18 3
41 1
85 5
44 4
79 5
73 1
16 5
55 4
87 4
78 3
39 2
16 2
3 4
92 3
62 5
91 3
73 1
46 3
24 3
78 3
10 1
84 4
21 4
84 2
