500 10
69 10
60 3
45 6
61 9
68 10
87 7
91 8
93 6
3 7
63 9
85 6
100 6
28 9
71 6
17 5
47 7
21 10
47 4
8 5
30 4
27 9
31 7
80 5
19 9
25 7
83 10
38 8
10 3
75 7
17 3
11 4
42 9
31 8
96 3
85 7
39 3
33 7
64 6
52 6
60 3
88 8
68 5
25 4
6 10
3 10
79 6
85 3
2 4
58 7
35 9
19 6
10 3
57 5
89 10
21 4
58 7
16 6
14 5
80 8
6 5
50 3
59 10
79 3
91 8
70 5
100 7
55 8
100 6
20 3
84 5
3 7
33 6
84 10
42 7
16 10
76 3
13 3
49 7
32 7
35 10
7 4
14 4
52 10
14 10
25 4
22 6
9 4
92 9
93 8
58 5
92 3
41 8
46 3
33 8
30 7
15 3
40 3
41 3
18 6
98 10
47 3
2 10
66 9
60 7
16 6
69 8
49 6
25 10
8 8
26 9
66 5
61 6
18 7
44 6
54 8
31 10
48 4
29 5
86 3
26 3
66 3
93 7
79 3
10 3
4 9
98 5
39 8
23 8
38 8
60 10
25 8
95 8
49 6
47 5
89 6
2 6
15 7
54 5
75 7
30 7
19 8
88 4
19 7
25 5
94 3
17 5
88 7
22 7
19 3
50 10
97 4
81 6
76 10
13 7
18 7
52 10
58 5
76 10
76 6
24 7
7 3
33 8
10 3
38 3
59 9
87 10
17 4
30 3
3 10
31 6
75 6
79 3
57 8
57 8
33 5
25 7
29 10
11 7
88 3
57 10
71 9
88 9
88 10
54 8
74 8
12 4
50 6
13 9
93 3
4 9
100 9
90 3
53 8
44 9
73 7
51 4
19 5
55 10
47 9
87 5
69 9
54 9
97 7
97 3
49 3
60 6
96 3
26 4
39 4
92 3
98 8
4 7
5 10
15 9
46 5
27 10
1 7
76 3
90 6
31 3
96 6
83 3
60 3
64 9
50 4
60 6
69 5
92 3
49 8
18 3
22 6
54 8
38 5
59 5
38 4
32 10
22 9
79 4
69 4
72 8
20 4
48 9
59 4
63 3
91 6
48 6
66 5
39 9
65 5
54 10
74 10
34 6
35 6
36 4
32 8
36 5
36 9
31 10
91 7
88 8
6 9
36 6
26 9
42 7
49 5
17 9
64 8
78 6
43 4
99 5
61 4
19 4
21 5
31 7
77 9
53 8
84 8
70 10
68 5
57 9
47 10
2 6
20 8
95 7
56 5
59 10
34 7
72 3
10 4
51 5
21 5
7 3
64 5
52 5
59 10
70 3
77 10
90 6
9 4
75 10
64 3
47 9
81 6
70 3
62 4
8 6
6 10
7 7
96 9
81 9
78 4
78 3
8 5
29 8
51 3
1 6
82 8
34 7
1 4
73 3
21 7
5 5
22 4
33 7
83 3
79 6
86 10
40 5
55 4
57 10
1 8
19 7
43 5
14 6
10 4
82 7
22 6
70 4
91 3
54 6
16 7
96 7
15 7
23 5
99 7
32 4
41 6
13 3
57 3
52 6
9 3
54 4
59 10
12 10
34 9
84 7
19 6
94 7
46 5
80 4
93 5
72 6
68 3
5 5
69 4
68 8
74 3
61 6
49 4
31 9
35 3
31 9
66 10
29 5
17 7
55 3
27 7
78 7
13 8
88 6
22 9
33 10
12 10
19 7
46 6
51 4
41 10
71 10
55 3
40 3
41 9
97 5
46 5
45 10
44 6
7 3
6 3
68 3
46 10
92 4
8 4
66 8
86 5
84 5
24 6
19 10
57 9
72 7
50 6
78 6
73 8
12 7
58 3
54 3
4 10
8 5
31 6
62 9
88 8
18 6
62 5
15 4
32 3
14 5
47 9
23 4
97 6
60 3
95 3
9 10
55 9
77 7
65 5
38 8
77 6
42 9
43 5
81 7
26 3
89 9
19 6
45 6
34 6
4 4
2 5
49 3
92 9
82 7
32 5
95 7
58 7
80 10
10 7
35 7
38 7
9 8
86 6
27 4
82 6
72 5
89 9
54 10
99 9
57 7
32 8
85 3
49 3
77 4
66 10
1 10
55 8
23 3
18 9
52 5
87 9
80 8
45 7
49 6
45 7
73 8
38 3
100 10
63 9
45 3
45 8
88 6
48 9
97 6
6 8
6 5
65 7
32 6
21 6
30 3
12 7
55 6
85 5
83 4
25 7
48 5
