200 30
65 8
87 5
58 6
9 9
86 5
1 3
95 4
57 10
97 7
67 10
76 4
38 8
43 5
100 1
6 6
95 10
14 1
84 1
20 9
96 3
51 10
8 3
28 1
19 7
50 6
51 6
40 8
96 5
45 2
4 2
29 6
70 4
34 4
31 3
11 4
30 7
21 4
35 9
96 7
14 6
94 10
9 6
100 1
71 10
52 7
61 4
39 6
82 8
26 5
13 2
42 10
65 1
16 6
40 10
24 2
84 1
66 5
82 7
93 5
26 4
73 10
93 5
2 3
40 9
19 4
93 8
97 7
10 8
40 5
42 8
12 8
61 1
90 8
86 2
51 1
1 4
29 3
45 3
7 4
29 7
50 1
97 4
66 2
3 6
69 5
89 5
57 2
38 2
37 9
99 3
55 3
39 1
30 9
74 6
15 6
57 9
64 3
7 9
72 4
4 7
40 1
25 3
15 2
98 5
9 8
31 10
49 9
37 3
12 1
85 1
78 7
77 2
18 3
50 7
71 7
77 8
100 10
32 1
25 4
70 7
72 1
41 3
53 6
97 2
94 10
43 7
34 9
84 9
93 6
39 5
32 2
59 1
8 2
22 6
37 6
7 6
12 2
61 10
68 5
42 6
70 8
25 8
79 6
50 7
51 5
32 9
93 7
40 2
30 8
53 9
86 7
19 8
82 2
74 4
90 1
24 9
48 7
44 7
51 9
45 5
17 2
11 9
5 3
38 3
84 8
58 6
69 10
32 8
98 4
43 2
49 7
19 8
6 5
61 8
79 10
44 8
27 2
97 9
18 2
52 5
53 2
39 4
68 6
66 2
55 1
2 4
7 3
64 6
47 8
62 6
15 10
38 3
15 7
74 8
45 10
80 6
24 5
85 4
63 5
43 10
