500 50
4 1
67 2
52 4
70 1
66 3
82 5
77 1
5 3
88 2
61 3
81 5
78 1
84 3
23 4
66 2
6 4
36 1
51 3
65 3
22 5
74 5
82 4
82 5
42 1
29 4
1 3
49 5
57 5
62 3
84 1
91 2
38 2
53 1
23 1
2 4
31 3
32 2
11 1
96 1
67 5
77 2
50 3
23 5
61 1
74 2
1 2
15 5
53 4
59 4
33 2
23 2
3 1
12 4
20 5
29 2
66 3
87 5
52 3
60 5
89 4
63 5
73 5
68 2
26 2
35 3
6 3
78 2
28 2
69 1
28 5
86 2
35 5
41 2
11 2
92 1
12 1
45 2
89 4
27 5
80 4
49 5
28 5
38 4
39 3
19 4
64 1
78 1
100 3
54 1
71 2
95 5
64 1
76 5
34 1
2 4
41 3
88 1
18 2
62 5
94 4
16 2
94 4
77 5
24 1
35 2
63 4
7 3
91 4
34 3
76 3
78 5
26 2
48 3
2 2
78 3
72 2
27 1
14 4
79 3
50 3
45 3
48 3
11 1
11 1
36 3
78 1
65 2
9 2
27 5
38 4
69 2
54 3
15 1
48 4
12 5
74 1
97 5
10 3
86 5
11 5
14 1
12 1
82 2
14 5
77 5
23 2
82 3
41 3
99 4
51 4
22 1
66 3
31 2
96 1
3 1
57 5
77 3
27 4
64 4
53 3
73 5
88 5
51 3
100 2
83 1
100 4
82 5
22 4
76 3
29 5
31 1
79 4
6 4
86 4
3 3
42 3
53 5
69 2
45 4
47 2
56 2
55 3
30 4
58 4
96 1
60 1
87 5
99 1
4 1
51 2
52 4
62 1
81 1
89 4
9 3
96 1
5 5
29 2
79 2
67 1
89 4
18 2
53 5
90 4
50 3
70 2
3 2
27 1
91 4
50 3
57 4
14 3
18 5
91 2
98 2
58 1
37 3
100 5
42 3
55 5
72 2
32 2
45 5
33 2
65 2
60 2
37 2
67 3
34 3
51 2
20 1
89 4
36 2
66 5
14 3
52 1
89 5
41 4
36 2
57 3
35 5
79 2
7 4
53 5
92 3
21 5
4 2
76 2
51 1
3 1
42 5
92 1
67 4
37 3
89 4
50 5
29 2
61 5
14 1
56 2
25 2
72 3
60 2
41 5
19 4
100 1
37 3
77 3
87 1
57 2
62 5
13 1
94 3
57 4
61 2
27 4
31 4
38 2
19 1
77 5
5 2
94 1
43 2
76 4
85 4
3 2
56 4
41 1
67 3
70 4
21 5
13 3
56 4
28 2
69 2
65 1
1 3
70 3
33 2
69 2
28 2
1 2
11 4
65 5
14 3
83 5
71 2
99 1
72 4
57 1
99 5
88 5
29 4
6 1
85 1
45 1
32 2
99 3
20 2
95 4
20 2
15 2
64 4
45 2
83 2
30 5
1 5
82 2
24 5
32 5
89 4
21 4
84 4
33 1
91 3
95 4
24 5
22 4
5 3
73 4
11 4
24 2
64 2
80 1
58 4
52 2
70 5
65 2
21 5
38 2
60 1
97 2
82 3
38 5
54 5
10 2
2 3
9 4
4 3
2 2
38 3
26 2
37 5
69 2
69 2
66 2
28 2
80 1
5 2
95 5
56 5
88 3
87 4
48 2
36 5
18 4
81 5
1 3
79 4
8 4
71 1
31 4
85 1
36 2
83 2
76 2
99 2
13 2
24 1
19 5
80 4
69 3
83 5
68 1
88 4
96 5
39 1
17 5
88 4
96 3
3 3
64 2
98 5
14 4
55 5
99 4
55 5
56 2
87 5
23 2
80 1
37 5
82 2
16 2
53 1
73 5
55 1
69 1
84 1
53 1
28 4
95 1
11 2
54 3
32 4
13 3
7 2
30 4
77 4
52 1
22 3
16 4
94 4
29 3
11 4
63 5
73 5
86 2
60 5
18 2
12 1
29 4
100 4
65 4
51 2
2 2
85 2
98 1
8 2
7 4
7 3
6 5
45 5
80 2
44 1
15 2
47 4
97 2
62 3
86 2
8 3
97 1
100 1
52 4
10 1
64 1
48 3
100 3
9 4
17 5
99 4
70 1
5 2
49 1
60 4
5 1
63 1
90 2
97 3
67 3
30 3
87 5
21 4
58 4
99 2
36 1
91 3
19 3
79 5
43 5
20 2
8 3
44 5
28 4
72 1
63 2
59 1
30 5
23 5
92 4
