500 10
21 5
1 3
96 4
89 4
83 3
96 4
47 2
10 1
28 4
4 3
90 3
48 2
35 5
23 3
74 2
32 1
64 2
50 1
79 2
65 2
27 2
95 2
4 2
73 2
85 5
65 1
55 5
60 4
68 4
97 2
7 1
93 1
13 5
2 5
59 2
1 4
21 2
85 5
75 1
77 4
49 4
61 2
21 3
90 3
12 3
37 1
20 4
56 2
63 2
97 4
32 3
57 5
33 1
87 4
57 1
4 3
58 2
5 4
49 2
96 5
77 5
70 5
66 3
45 4
94 2
5 4
26 2
47 5
30 3
16 4
75 1
97 5
47 2
56 3
44 1
18 1
31 1
50 4
85 5
97 3
18 5
64 5
90 4
26 3
32 4
59 4
62 1
70 4
86 3
55 3
30 1
30 3
86 3
89 4
29 1
48 3
33 4
32 3
33 3
3 1
52 4
15 5
94 1
25 5
87 4
53 4
9 5
37 2
73 2
33 4
93 4
34 4
3 1
83 3
17 3
19 1
72 2
38 1
6 4
91 2
16 4
38 1
64 5
44 4
26 3
12 5
13 2
41 5
30 3
22 2
43 4
97 2
65 4
3 1
16 4
60 4
26 3
24 5
7 5
29 1
19 3
31 5
73 1
86 5
70 3
76 5
81 2
51 2
31 3
18 3
25 5
58 4
21 5
62 5
46 5
32 1
46 3
84 3
29 1
97 5
41 5
48 4
4 4
43 2
55 1
75 2
11 5
13 1
35 2
100 3
64 3
82 4
95 5
21 2
99 3
38 2
59 4
81 5
4 5
90 5
44 4
30 3
97 2
21 4
30 4
32 4
4 5
19 3
2 2
90 1
29 1
83 1
83 5
38 4
55 4
49 4
75 4
75 3
57 1
78 4
75 3
80 3
60 2
38 1
32 5
63 2
99 2
59 4
70 1
44 5
96 2
1 2
80 1
63 1
81 1
49 1
64 1
37 1
35 5
11 2
13 1
9 1
51 2
21 5
4 3
15 3
29 3
66 4
78 1
17 4
73 1
2 1
61 2
67 3
79 3
21 3
23 5
100 2
65 4
33 4
5 1
41 5
4 4
41 5
12 5
89 1
46 2
96 4
80 4
26 2
75 2
17 3
31 4
85 4
21 2
78 5
79 2
7 4
93 5
84 1
4 5
81 5
68 3
23 1
75 1
1 4
19 3
41 2
69 1
15 5
23 5
9 5
80 3
62 5
68 4
57 5
10 4
87 1
55 5
43 3
48 5
45 1
75 3
81 1
87 3
64 3
52 2
78 4
10 4
36 4
36 1
42 2
63 3
9 1
39 2
6 1
48 3
38 4
90 3
48 2
93 4
34 3
13 5
19 1
15 3
31 3
77 1
23 4
4 5
37 2
24 5
90 4
59 1
10 5
73 1
83 3
58 3
20 3
62 4
60 4
44 1
45 1
85 3
94 4
86 4
18 4
49 5
75 3
80 3
31 3
29 3
72 2
91 2
2 3
91 3
48 3
97 4
73 3
84 1
14 3
88 2
8 3
8 2
89 1
67 2
56 2
33 2
47 1
14 4
51 3
54 4
10 3
93 2
50 3
15 3
52 2
78 4
8 1
58 2
96 3
68 1
97 5
70 5
40 5
54 3
5 1
41 1
15 1
11 1
60 1
50 2
93 4
26 2
33 5
31 2
33 1
79 4
57 4
74 1
74 2
55 2
35 1
26 3
30 3
58 4
53 4
97 3
54 3
34 1
20 1
34 1
67 5
84 3
73 2
88 1
74 4
75 1
62 2
48 2
88 5
31 2
88 1
9 2
84 5
34 4
69 2
50 5
40 1
67 2
48 5
3 3
21 1
58 5
17 3
55 2
39 2
18 1
38 4
19 3
64 5
86 1
15 3
59 2
96 5
16 1
19 5
51 3
51 5
2 5
41 1
38 4
23 4
9 3
17 5
99 3
100 4
99 1
29 4
63 4
45 3
69 5
20 4
24 4
37 3
16 3
20 4
62 2
73 1
42 1
30 4
44 1
100 1
13 2
46 4
19 5
67 2
24 5
11 1
18 5
16 1
73 4
24 1
96 2
30 5
56 5
45 2
98 3
42 3
36 1
19 4
60 4
6 5
48 4
41 1
100 5
17 4
49 4
84 1
35 3
84 2
57 3
35 3
42 5
34 2
6 1
27 5
79 5
15 5
75 4
88 4
66 4
50 1
76 1
67 2
68 3
87 4
83 4
34 5
57 1
50 4
