500 30
8 1
95 8
28 5
65 1
48 5
27 1
40 6
8 9
85 2
97 1
38 2
72 2
84 2
66 4
17 10
82 7
52 3
38 6
65 1
57 2
70 10
99 4
22 2
66 3
61 4
15 5
65 9
52 2
14 5
42 7
51 5
93 1
52 1
19 9
81 2
31 10
20 6
13 5
83 7
94 3
52 2
54 10
29 1
30 9
11 2
40 4
53 1
97 4
44 4
46 2
45 3
65 1
22 6
46 10
63 8
97 10
31 7
40 8
66 4
7 1
53 2
88 1
88 8
20 6
56 1
92 5
43 9
26 6
96 2
22 5
69 6
34 4
42 10
40 5
87 3
37 1
97 10
19 6
1 9
96 6
56 5
26 8
63 10
52 6
35 3
50 1
54 1
68 1
47 8
92 8
100 6
34 6
95 10
89 7
75 9
80 9
68 10
99 4
32 8
58 5
10 1
1 6
5 3
13 5
42 9
24 7
82 6
83 10
94 6
83 10
25 6
65 8
23 9
37 10
11 6
75 4
98 8
35 9
17 3
25 3
55 2
80 5
55 2
72 4
42 10
97 10
21 4
28 9
69 1
45 1
17 8
53 8
32 1
6 2
51 2
55 4
7 3
7 2
83 3
53 7
55 7
85 2
64 10
20 7
30 5
11 2
71 4
22 1
45 4
23 1
72 4
18 10
23 9
47 8
68 3
20 1
43 3
84 3
63 6
7 9
23 5
83 4
64 10
27 8
43 6
85 4
71 4
74 4
89 5
95 8
96 9
21 3
48 4
87 6
52 5
87 4
53 2
7 2
38 4
22 6
51 9
26 3
2 1
85 2
97 2
91 3
27 4
43 2
23 6
13 6
68 7
10 1
26 3
85 9
96 1
39 7
78 7
23 9
26 4
99 6
98 2
78 10
99 3
70 4
4 1
45 3
58 1
48 10
89 6
35 7
66 1
9 2
9 6
68 4
25 7
14 5
95 7
28 10
23 3
65 8
53 10
85 3
24 5
43 3
98 2
12 5
77 1
49 5
60 1
57 3
22 8
69 9
88 5
95 8
13 5
42 9
65 10
83 2
83 7
46 6
65 2
91 9
18 10
100 6
100 5
38 3
93 7
26 7
15 9
92 5
16 7
67 8
84 2
29 5
78 10
1 6
40 5
49 3
100 6
45 4
15 10
8 7
21 5
95 1
22 4
79 7
33 8
15 4
63 5
18 4
34 1
45 1
63 2
88 7
37 6
52 2
50 10
13 8
67 3
10 10
79 2
28 5
45 6
29 9
80 2
70 6
37 10
42 10
61 7
5 9
68 10
38 8
48 6
56 8
25 3
47 5
79 10
11 6
6 5
56 1
81 7
9 4
17 4
86 1
53 5
44 6
66 3
20 10
66 1
100 6
39 5
59 9
17 7
66 5
81 8
85 10
100 5
8 7
41 2
79 5
56 7
43 6
62 3
1 2
40 3
21 5
3 3
71 9
59 5
85 4
23 1
56 9
33 3
31 8
99 3
45 5
48 7
97 2
8 1
60 1
78 5
87 10
61 2
62 10
82 3
8 3
74 7
65 5
74 1
96 10
30 8
75 8
38 5
86 2
4 4
75 2
66 3
69 3
70 6
62 5
15 2
46 3
95 7
65 2
87 1
71 6
13 9
5 9
89 7
86 4
25 7
63 6
67 8
7 3
35 7
32 1
21 9
52 3
78 2
3 4
52 9
73 6
61 7
49 10
49 10
18 3
81 1
81 6
23 6
58 3
47 10
81 2
51 4
22 10
93 5
13 8
25 2
59 8
57 9
31 8
97 4
54 10
7 4
78 5
56 1
57 10
13 1
38 6
44 10
33 8
26 7
47 10
59 8
62 6
50 1
68 3
80 2
89 4
15 9
24 3
56 10
27 8
20 7
67 2
58 3
52 2
89 2
96 3
41 4
49 4
42 2
32 8
5 9
61 2
47 5
38 6
3 7
56 4
34 9
52 7
34 8
82 1
39 6
16 7
79 10
6 8
41 7
36 9
72 6
27 8
40 2
17 8
35 5
36 3
88 2
6 10
71 5
22 7
82 4
88 3
80 8
74 10
35 5
9 5
91 2
19 3
76 4
47 6
48 5
28 8
65 5
70 8
12 1
26 4
43 2
68 5
98 10
93 4
67 9
54 6
81 2
44 5
89 1
63 1
85 6
27 3
74 3
52 7
26 4
2 1
29 6
95 7
93 5
9 2
81 5
4 8
53 9
1 4
42 9
37 4
