200 50
48 1
91 1
22 3
95 2
72 5
89 2
33 3
95 2
5 2
69 2
57 5
38 4
71 1
7 5
55 5
30 2
31 3
81 5
64 1
53 2
100 2
86 1
30 1
35 2
83 3
12 1
76 5
19 5
66 3
3 1
34 4
66 4
41 5
93 5
59 3
59 2
73 1
51 5
56 4
81 5
53 4
17 4
46 2
21 4
52 3
2 1
21 1
73 5
12 5
33 4
9 2
82 2
84 4
31 3
4 3
87 1
39 5
2 4
55 5
56 1
80 1
8 4
99 1
91 3
67 3
66 4
73 4
77 4
100 4
8 3
61 2
52 4
40 5
61 5
71 3
26 5
47 1
59 4
13 2
85 4
32 4
84 2
93 1
48 3
52 2
71 5
70 5
7 3
86 5
75 1
45 5
26 5
72 2
97 5
7 4
21 4
47 2
18 4
89 3
47 3
91 4
14 3
53 3
96 2
57 2
70 1
21 1
84 4
25 3
77 4
41 4
26 2
3 3
69 2
6 5
80 3
83 1
70 5
1 1
89 4
97 3
34 5
36 5
24 3
93 5
64 4
52 3
33 1
54 2
76 3
21 1
54 4
49 5
23 4
61 5
13 2
76 4
10 2
72 1
72 3
44 5
7 4
39 2
15 3
91 2
31 1
14 2
40 1
38 5
5 1
55 5
99 2
87 2
58 4
30 2
85 1
99 3
9 2
37 2
92 4
71 4
81 3
86 3
15 5
35 2
28 3
14 5
86 5
80 4
55 5
78 4
58 3
79 4
3 1
87 3
52 5
99 4
62 4
66 1
80 1
79 3
61 5
89 3
82 1
74 4
97 4
81 5
92 3
42 4
96 3
55 4
2 1
39 2
35 5
65 1
97 1
1 1
94 5
91 4
97 2
