100 10
93 7
40 3
3 4
80 7
26 8
88 8
54 9
14 10
54 4
24 4
53 4
26 5
31 9
19 3
33 7
2 8
80 3
52 5
85 8
16 3
42 3
84 8
34 9
66 4
98 6
69 7
21 3
21 4
41 7
21 4
24 9
68 8
32 6
1 9
55 6
20 4
93 4
55 4
30 7
72 10
40 6
43 3
25 3
33 9
20 6
84 9
74 7
81 3
25 7
88 6
74 7
18 3
69 4
94 6
9 4
3 7
49 3
27 4
61 3
7 9
77 4
42 9
7 10
67 10
58 10
11 5
7 4
71 8
78 3
57 9
99 10
76 5
57 4
11 5
40 10
37 5
12 10
37 10
79 3
7 9
74 3
73 8
86 3
30 3
60 8
56 10
73 9
22 6
39 8
26 3
67 5
11 5
49 9
76 5
50 10
100 9
98 7
81 7
10 7
63 10
