500 10
42 1
98 9
60 9
30 8
38 3
50 7
13 3
84 5
42 3
75 6
69 7
61 4
49 1
81 3
75 8
6 7
16 10
85 5
64 5
7 9
56 3
58 10
67 3
5 9
72 9
30 7
70 2
29 8
25 10
31 5
83 1
100 4
46 9
54 6
18 2
86 2
72 10
20 3
79 10
83 7
94 9
81 10
39 6
66 3
52 1
20 2
60 10
70 4
57 3
81 3
41 9
68 7
7 3
4 4
16 9
46 3
99 2
29 9
48 10
5 3
38 2
18 6
69 10
93 8
27 8
13 8
40 10
82 4
94 4
74 2
7 7
30 1
91 6
81 6
24 8
33 7
93 2
25 3
78 9
79 9
67 2
80 8
5 7
43 9
38 4
39 5
34 8
50 5
45 2
53 7
77 3
12 6
42 1
78 8
94 3
37 10
16 9
91 2
37 2
33 4
51 1
31 1
28 10
11 2
19 10
3 10
76 5
40 4
32 9
61 3
30 3
22 7
10 9
36 7
39 4
94 6
47 3
64 3
45 10
80 8
94 10
62 1
27 1
40 1
84 1
69 3
57 6
53 4
6 3
64 1
22 7
68 3
80 6
7 6
77 4
67 4
84 5
15 4
52 10
96 4
85 4
56 2
47 3
28 1
49 7
29 10
7 4
41 10
30 1
13 9
89 3
17 6
95 8
46 10
1 2
16 5
73 10
86 1
1 8
94 2
58 2
38 2
44 5
52 1
15 4
77 5
62 7
54 7
2 8
61 3
36 1
14 2
27 5
13 5
45 6
15 8
86 4
51 8
35 1
48 5
89 6
100 3
6 6
57 7
88 7
33 1
21 7
54 2
66 10
86 6
90 3
53 4
32 2
1 9
59 3
82 6
53 2
5 5
83 6
58 4
3 4
71 10
89 9
45 3
69 7
79 2
90 1
41 6
20 6
57 2
76 3
25 5
43 1
93 6
27 8
40 5
13 2
41 3
73 8
82 8
53 1
87 3
6 4
57 7
33 7
56 10
48 3
58 9
26 6
1 2
39 1
44 4
83 4
92 10
48 5
44 7
75 8
57 2
64 3
93 1
90 8
77 3
100 10
9 2
75 3
9 4
85 3
39 10
78 5
23 2
91 10
36 9
10 6
48 5
52 10
55 7
19 7
6 2
25 7
100 3
50 7
27 9
77 10
82 3
48 3
69 3
56 10
61 1
3 9
48 9
9 6
52 3
24 9
65 4
98 7
14 4
31 7
38 10
40 7
70 3
80 1
46 8
30 4
97 10
74 8
32 3
54 5
14 2
85 2
12 4
86 5
65 6
15 8
18 7
56 3
41 8
71 7
91 7
98 4
94 9
1 10
50 8
51 5
3 5
83 7
14 9
89 9
65 7
22 6
94 9
84 8
66 2
73 4
8 2
75 5
8 1
94 5
76 2
24 10
49 10
68 8
3 3
79 7
82 1
69 10
23 1
65 1
14 6
77 10
80 4
97 8
15 8
82 6
68 2
91 10
38 10
18 6
52 10
22 5
81 5
2 6
84 4
9 2
95 2
73 3
67 3
44 3
56 1
46 8
18 2
58 6
93 7
93 1
72 3
81 6
79 10
46 5
4 2
82 3
99 8
53 3
41 3
84 4
29 6
83 6
7 2
5 2
81 7
90 2
58 1
45 10
19 9
48 7
39 7
12 9
43 3
8 9
22 1
88 5
35 2
86 9
71 2
21 5
42 9
56 10
58 1
2 6
60 8
66 8
28 4
81 8
97 3
96 2
60 4
8 3
17 7
6 9
42 8
69 5
45 2
47 8
64 3
27 3
74 7
77 8
45 5
72 3
11 3
76 1
78 10
16 7
51 6
36 2
82 8
30 1
66 8
86 4
11 9
72 1
36 6
33 8
25 3
63 9
94 2
34 3
55 4
26 8
58 6
76 4
68 6
11 10
84 9
33 6
57 7
28 5
98 9
100 4
36 7
43 3
20 3
32 8
24 1
43 6
40 5
2 8
3 7
14 6
98 4
28 5
73 1
85 4
55 1
85 2
98 7
35 8
55 5
72 10
76 8
94 10
43 10
13 5
35 7
19 9
16 2
47 7
70 5
28 1
50 1
53 5
71 2
3 5
8 2
78 8
40 9
68 10
73 5
89 10
70 7
9 7
71 6
7 2
12 2
66 3
92 1
39 5
82 4
41 3
99 10
18 2
88 10
72 5
73 10
65 5
61 7
72 1
50 4
62 9
61 3
55 10
24 1
