200 10
26 6
83 2
88 3
18 9
4 5
70 8
63 2
4 10
36 9
65 5
6 8
17 8
34 2
62 7
27 9
27 3
78 4
39 4
46 10
9 7
24 8
26 7
68 8
60 1
29 1
82 1
5 3
43 6
2 9
55 1
73 5
48 2
6 4
49 2
64 10
74 7
25 6
91 10
62 4
23 5
38 6
22 7
62 3
34 1
8 1
59 10
59 5
19 2
49 2
25 9
31 2
63 4
11 9
3 3
29 3
97 5
11 5
57 9
86 10
50 8
74 3
2 5
40 8
58 2
14 7
96 5
21 1
45 4
90 10
16 6
77 5
72 8
8 9
37 2
17 4
10 5
4 3
64 2
77 6
78 8
4 1
28 7
63 4
33 6
56 3
77 6
73 9
28 3
3 3
55 10
19 6
7 2
41 1
31 4
98 8
15 1
100 5
23 2
78 5
40 5
50 9
2 1
31 6
9 3
24 10
35 10
43 6
43 3
49 10
39 5
39 9
90 9
43 6
29 10
81 7
33 4
67 5
99 8
32 10
30 6
25 7
1 5
11 1
84 1
6 4
71 7
60 2
56 8
95 3
76 2
59 8
12 2
89 4
17 2
36 5
53 10
45 1
6 6
17 9
19 3
19 9
51 7
13 3
37 10
93 9
10 2
23 3
70 5
65 6
73 1
74 1
29 1
26 8
32 7
10 2
38 6
27 8
53 5
15 8
3 1
29 5
74 2
7 5
18 6
56 3
18 10
52 6
63 10
85 2
38 1
53 7
45 4
80 9
9 8
88 6
74 4
7 3
10 5
43 6
86 6
6 10
10 6
68 2
86 9
26 10
30 10
89 8
35 1
37 9
97 3
19 2
28 3
47 9
15 3
68 1
69 7
46 7
78 2
12 4
2 3
