500 10
60 2
70 6
36 3
73 4
17 2
95 7
60 7
38 6
8 8
67 7
24 4
69 2
94 6
34 7
60 8
9 6
56 3
83 6
21 2
39 4
19 5
62 5
8 6
93 4
43 3
47 3
91 8
48 2
22 2
90 5
25 7
58 2
24 2
98 2
25 6
15 8
69 4
10 5
61 2
14 4
29 2
4 5
21 4
70 7
88 2
10 4
5 5
62 3
94 8
47 7
25 4
17 7
5 4
15 4
13 4
95 4
19 4
70 4
72 6
51 3
14 4
50 7
85 5
16 2
96 4
55 7
37 4
33 7
96 5
66 2
61 4
16 3
95 8
83 8
60 4
96 7
77 8
73 2
81 8
99 3
78 2
50 6
56 4
80 4
12 6
12 7
48 2
92 2
56 2
80 2
63 8
83 4
77 6
76 5
91 3
76 4
70 4
43 7
44 3
4 6
5 8
30 7
40 6
79 5
51 7
87 4
84 3
74 7
11 2
44 8
77 5
33 2
56 6
14 6
67 5
82 8
71 3
19 3
61 2
36 6
16 3
99 3
83 4
78 8
24 8
15 7
81 5
19 2
15 2
55 5
32 3
94 4
25 6
96 6
66 2
95 7
95 2
50 6
94 2
98 4
16 7
31 5
92 5
19 2
28 2
14 3
16 4
60 3
66 4
55 2
11 4
85 4
23 6
51 3
24 3
50 7
4 2
88 8
40 5
63 3
10 4
53 5
76 2
54 3
30 7
6 7
61 7
52 6
94 6
6 2
31 3
1 5
20 7
54 4
47 7
29 7
47 3
1 4
48 2
41 3
4 3
60 6
61 3
6 2
80 5
42 2
85 6
50 8
56 8
40 7
52 5
22 5
25 8
69 6
87 8
90 8
98 6
32 4
14 6
18 5
18 8
82 2
80 5
44 7
19 6
45 3
13 4
87 5
63 6
3 8
2 4
88 5
42 8
81 6
87 2
95 6
51 3
20 7
75 6
40 6
65 6
71 7
77 6
4 5
54 3
93 5
32 2
38 5
49 4
75 4
96 4
80 3
30 8
47 4
40 6
67 4
83 7
73 3
75 4
9 2
33 8
31 7
46 5
30 6
27 7
94 7
41 4
62 5
8 4
75 6
44 7
87 7
29 4
40 2
74 7
79 6
43 7
84 7
74 8
27 7
67 8
23 2
71 2
1 6
8 3
27 3
84 2
41 2
35 8
49 4
88 5
52 8
40 4
99 8
12 6
60 7
71 5
45 5
41 2
18 4
17 3
45 6
74 4
23 6
32 6
100 4
17 7
66 8
41 8
90 3
36 2
38 2
40 5
86 8
20 4
9 4
77 3
29 3
49 2
35 3
3 4
87 4
5 4
1 7
59 3
68 7
43 2
78 3
91 6
20 5
46 8
72 8
94 5
9 5
23 6
27 2
42 3
83 2
59 2
45 4
82 2
34 6
28 6
2 5
93 3
65 6
65 5
23 8
78 4
4 6
90 6
56 5
58 2
76 4
28 3
10 2
6 6
3 4
87 2
76 3
71 7
25 5
97 7
64 5
89 7
15 5
72 8
53 7
31 4
11 2
7 4
7 7
52 2
96 5
33 2
30 4
31 5
92 8
71 4
99 6
17 7
30 3
95 3
5 7
83 4
14 3
21 8
78 7
87 4
93 4
43 5
64 7
29 8
16 2
45 8
9 4
7 8
1 7
90 3
79 3
64 5
73 4
79 3
96 4
26 4
78 8
81 5
45 2
70 5
61 3
22 5
62 7
90 6
35 5
49 8
67 8
73 8
63 3
65 8
25 5
32 7
34 6
49 7
15 8
100 2
3 2
60 2
13 2
20 3
39 7
5 4
71 7
98 2
21 2
19 4
62 2
96 5
34 7
18 2
7 6
52 4
2 5
69 2
72 5
98 3
14 6
79 5
42 4
31 7
11 2
19 3
68 4
90 4
8 5
92 5
92 7
29 5
77 8
91 8
100 8
89 3
20 7
52 7
18 5
48 6
52 6
36 7
34 4
95 5
43 3
43 8
75 5
90 4
13 6
79 2
6 2
33 3
34 3
18 7
74 3
30 5
33 2
78 8
9 8
60 2
49 5
23 7
90 5
5 2
34 8
18 7
45 2
93 7
52 7
8 2
34 2
15 7
88 8
20 4
11 3
37 8
80 6
39 6
95 4
99 7
96 8
4 6
97 4
12 3
75 2
88 8
87 2
5 4
70 2
98 5
8 4
22 4
10 8
17 4
43 4
