500 30
90 3
37 5
8 1
83 5
68 1
57 4
44 3
93 4
90 4
14 4
51 4
42 4
13 1
50 3
79 4
18 4
15 1
7 4
17 1
3 4
56 5
94 5
18 4
44 3
76 5
100 3
47 2
33 5
90 2
17 1
10 5
64 2
12 1
88 2
16 1
2 4
24 5
44 5
76 1
62 4
38 5
67 1
38 1
98 3
96 3
8 3
15 5
71 1
86 5
71 5
98 1
30 5
24 3
21 1
79 1
94 3
94 2
35 1
78 5
81 2
40 1
89 3
2 3
17 4
53 2
80 5
25 5
2 1
16 2
19 3
99 1
100 5
90 5
24 5
48 3
31 5
95 2
1 1
53 4
48 5
18 3
40 3
82 1
35 1
84 4
88 3
31 4
86 3
87 5
44 5
52 3
27 4
1 2
100 4
33 5
48 4
21 2
28 1
32 5
58 1
3 4
40 4
56 3
34 2
44 5
97 2
93 2
36 2
8 3
14 1
49 5
33 5
73 3
68 4
87 4
8 3
71 2
12 1
36 3
7 2
50 1
93 5
47 3
86 3
54 2
59 3
70 5
93 1
56 1
94 3
92 1
82 5
87 4
24 3
61 3
61 1
58 3
27 5
94 1
95 5
19 5
59 2
21 5
51 3
49 3
65 3
73 2
46 3
95 3
25 2
8 5
31 2
16 4
51 2
60 5
29 5
20 4
47 3
46 5
92 3
52 2
67 1
84 3
6 5
75 2
48 2
44 3
50 1
98 4
85 2
93 5
25 2
56 1
1 4
57 4
56 3
92 3
56 2
62 3
73 3
91 3
75 2
84 1
68 5
32 5
85 1
6 3
41 4
82 2
3 1
63 3
34 1
80 3
76 1
98 2
60 3
42 2
73 3
35 4
52 5
33 5
83 5
90 5
76 4
96 3
62 3
58 3
23 3
60 5
16 1
15 3
8 2
30 1
23 2
6 1
97 5
94 2
45 3
26 5
15 3
56 4
79 2
5 2
93 5
19 4
77 5
91 2
13 4
52 3
56 1
83 3
30 1
5 2
29 4
87 3
66 4
69 3
77 4
56 4
17 4
82 1
40 4
92 5
47 1
50 4
14 4
58 4
29 3
18 1
22 4
55 4
39 1
52 5
58 2
81 1
84 2
64 5
53 4
11 1
76 5
50 3
93 4
93 1
24 5
34 1
89 4
19 3
76 4
42 1
87 1
21 4
85 2
9 1
84 3
31 3
71 1
58 5
88 3
50 1
48 3
24 2
10 2
59 3
99 1
49 3
26 1
30 3
56 4
68 4
70 1
73 5
2 3
6 5
73 5
69 4
21 2
98 5
67 1
87 4
91 3
84 3
58 4
75 5
13 5
15 1
67 2
63 3
48 1
21 2
18 2
41 4
53 2
49 2
88 2
22 3
56 1
77 2
15 1
78 2
90 5
54 2
28 1
40 3
19 4
91 5
93 3
16 4
28 5
40 5
24 4
26 5
92 2
98 1
91 1
96 4
85 4
12 1
24 4
5 4
8 3
30 2
81 3
28 2
28 5
40 3
84 2
81 5
70 4
11 2
32 1
2 4
27 5
40 2
7 3
8 3
67 1
73 2
20 2
52 4
42 2
6 1
58 5
24 2
3 4
86 3
60 4
58 1
57 4
13 2
18 4
53 1
41 5
93 4
37 2
73 1
50 3
38 2
11 1
29 3
72 3
85 1
31 3
79 1
59 1
99 1
19 5
52 4
15 2
21 2
55 2
39 5
20 4
51 3
30 5
81 5
48 1
46 2
96 2
80 5
10 3
65 3
75 4
82 2
53 2
21 3
49 3
68 3
57 3
52 5
84 5
46 5
2 4
85 1
55 2
91 5
65 4
50 4
17 4
32 3
64 3
47 5
87 4
50 5
23 5
86 5
81 5
60 4
75 4
44 3
7 2
46 2
81 2
73 4
77 4
1 3
65 2
17 3
74 3
96 3
86 2
16 2
19 2
95 1
21 4
7 1
3 4
9 2
39 4
76 2
67 4
30 3
97 4
86 1
75 1
21 2
68 3
80 3
38 4
32 5
100 2
59 5
4 5
90 4
19 4
48 1
16 4
37 2
51 3
16 5
61 2
90 5
45 4
5 2
6 5
23 4
100 2
43 1
83 4
41 1
78 3
60 5
62 3
48 2
14 2
98 4
60 3
3 2
90 2
1 1
100 2
35 2
4 2
90 4
27 3
86 3
41 5
73 1
100 3
63 1
87 4
