100 10
32 8
48 4
15 5
43 4
96 5
69 5
19 8
1 4
83 6
19 7
74 5
54 8
80 6
93 6
25 7
12 2
97 5
22 2
69 6
37 3
52 3
43 6
84 6
49 6
49 8
23 4
54 2
4 8
8 3
81 4
55 8
68 6
93 2
66 3
33 3
52 5
77 8
47 6
59 3
77 7
32 6
8 6
46 4
35 8
52 8
17 2
26 5
33 7
74 6
83 7
7 6
11 8
73 4
88 4
96 8
10 6
45 3
15 6
80 7
31 2
47 3
31 7
50 5
76 2
41 3
35 2
100 4
11 3
35 4
58 2
74 6
51 7
98 8
62 7
68 5
19 7
91 7
74 8
43 4
24 6
54 3
75 4
11 8
18 2
38 7
8 2
92 8
42 3
48 2
89 6
7 6
30 6
100 4
49 3
47 2
65 6
47 6
31 3
27 8
6 8
