100 10
41 3
30 5
4 2
50 4
100 1
83 2
37 3
71 3
37 1
42 3
70 1
3 5
30 3
87 3
12 5
32 3
14 1
86 1
91 4
80 2
9 5
3 4
69 5
30 4
6 5
60 4
18 2
52 3
50 4
67 2
64 4
80 3
9 4
53 5
36 4
51 5
74 5
80 1
71 2
16 4
78 5
23 4
30 5
49 3
78 4
49 2
43 2
88 3
34 2
2 4
83 1
82 4
59 4
96 4
70 5
29 3
38 3
17 1
71 4
40 5
87 3
24 1
76 2
74 4
57 3
25 3
66 1
47 1
35 5
98 2
66 3
59 2
26 2
60 5
32 3
100 2
56 3
100 5
8 4
94 3
19 1
82 2
43 4
67 1
24 2
23 2
37 4
29 1
90 5
67 1
92 3
94 4
44 4
21 2
15 5
6 2
34 3
30 1
3 4
84 2
