100 50
1 4
20 4
87 7
64 10
71 4
76 4
9 3
29 4
52 6
8 5
48 3
35 3
91 7
95 9
39 7
26 4
87 8
19 7
21 9
86 9
22 5
70 10
63 7
75 7
82 6
56 10
85 7
50 9
46 3
82 10
95 9
55 6
25 4
78 9
5 5
71 7
95 10
67 8
23 6
84 6
95 6
28 5
90 9
99 3
22 8
16 4
26 3
20 7
63 6
55 7
74 6
63 4
78 9
97 6
24 5
27 9
30 10
58 10
5 10
43 3
47 6
41 6
18 7
74 9
48 10
3 10
27 10
93 5
74 10
57 5
67 7
69 6
61 9
9 7
55 3
45 4
96 8
29 5
86 3
51 7
54 4
11 7
11 7
39 5
2 4
28 4
58 10
46 6
92 10
20 4
71 9
69 3
97 8
76 3
51 6
35 3
30 8
26 7
99 6
30 4
