100 30
23 6
65 8
54 3
41 10
56 8
30 4
59 10
74 3
90 4
31 3
23 3
83 5
71 4
71 4
9 3
92 6
62 5
4 8
89 4
95 3
50 3
51 8
16 8
61 4
17 6
32 8
79 5
14 6
82 10
55 9
43 8
17 10
58 9
40 8
27 4
76 6
77 5
15 4
24 4
91 5
82 5
52 4
17 7
25 3
55 6
94 9
68 10
20 6
22 6
96 6
100 5
15 10
21 3
9 4
42 9
62 5
59 6
67 10
4 9
27 4
67 3
81 5
24 5
22 9
19 6
8 3
34 3
78 4
59 7
57 6
2 6
30 6
87 4
42 10
12 6
39 5
56 8
59 8
65 7
3 6
23 3
60 10
36 4
70 4
57 8
90 10
6 8
7 4
53 10
82 7
19 8
19 9
27 7
14 9
20 7
20 7
40 10
11 9
7 6
3 9
