10000 10
42 6
99 10
49 6
67 5
75 4
16 9
29 5
40 6
80 7
95 5
48 6
3 3
6 9
34 6
35 9
73 8
32 6
79 8
45 3
73 5
63 3
90 3
40 7
77 10
52 5
16 9
2 5
56 10
61 3
25 5
51 5
72 6
85 8
82 8
56 9
7 5
75 3
61 9
87 8
84 9
40 8
56 4
9 5
9 3
80 7
17 3
43 7
69 7
26 9
9 10
32 8
63 7
89 8
92 3
78 6
72 7
57 7
57 5
11 8
83 10
70 6
88 3
68 3
69 3
2 8
17 9
21 4
92 9
74 9
16 5
75 8
100 5
16 10
89 9
83 6
30 6
54 8
98 10
23 4
86 6
54 6
23 5
65 6
34 8
74 3
28 9
34 4
35 5
39 10
44 4
44 7
61 9
70 4
95 5
4 10
38 6
60 3
44 6
42 3
46 5
30 4
81 8
28 8
44 7
69 8
49 8
78 4
25 6
76 8
29 3
23 8
78 9
53 7
96 5
38 3
5 3
67 3
39 8
68 9
24 4
8 6
9 5
79 7
86 6
5 6
18 7
1 6
19 10
22 4
65 9
62 10
72 5
64 8
98 4
41 4
65 3
13 10
20 7
49 5
27 7
81 7
43 10
97 7
2 9
62 7
29 4
80 9
81 4
93 4
49 5
9 7
33 9
69 9
23 6
89 6
9 9
64 10
50 10
51 5
87 4
19 9
92 8
41 10
65 10
39 4
97 4
80 9
2 4
81 5
62 3
81 9
75 9
26 7
95 3
10 8
88 3
97 9
55 6
73 8
92 3
27 7
19 5
90 3
51 6
82 10
85 3
47 10
70 4
54 6
79 6
30 4
82 7
28 7
42 9
31 9
72 9
77 3
40 6
72 3
87 10
63 6
71 7
66 5
70 10
82 6
63 9
32 6
38 10
67 7
58 10
12 4
56 5
55 7
76 9
57 6
92 7
66 4
35 4
59 5
47 4
77 8
89 3
10 3
42 5
83 3
1 4
91 3
89 10
92 8
96 5
41 4
56 6
35 8
62 4
87 5
55 6
16 6
77 10
34 8
36 5
96 4
78 10
73 9
22 3
1 6
47 10
65 7
48 3
22 9
38 9
21 5
91 7
67 6
14 9
88 5
89 7
8 8
53 10
83 4
41 3
32 6
16 5
10 10
52 10
53 7
66 5
3 9
57 5
96 8
9 7
19 8
74 10
64 5
7 3
54 9
95 5
93 4
32 3
70 6
31 7
3 7
91 5
5 9
85 6
58 6
78 9
65 8
26 4
92 3
9 10
53 5
77 10
15 3
20 9
90 3
31 10
30 8
13 6
19 5
63 3
94 4
21 8
60 4
93 10
8 7
83 5
71 6
18 4
68 7
73 6
83 4
94 10
45 8
81 6
85 8
95 4
75 4
97 5
68 4
5 5
95 10
8 3
28 5
43 6
47 7
73 4
9 3
30 6
79 5
17 3
56 7
63 4
33 10
97 4
15 9
4 4
29 4
60 3
37 10
37 6
94 10
27 9
35 10
4 3
11 7
17 9
12 3
69 9
88 9
30 5
81 6
86 5
22 8
85 3
66 6
28 9
42 4
48 6
26 6
67 10
48 8
35 4
34 10
93 9
9 9
26 6
78 6
80 5
62 3
12 10
93 10
49 10
59 3
83 10
18 9
54 3
87 9
2 9
16 6
91 7
32 10
39 5
86 3
88 8
53 7
83 7
44 5
80 3
6 10
3 6
82 9
50 9
25 3
64 10
38 8
66 4
7 8
34 8
15 8
28 6
51 4
49 5
43 10
95 3
86 10
43 8
14 4
81 9
6 10
70 6
85 8
59 5
88 9
22 7
76 8
36 8
46 3
34 10
77 3
84 5
85 6
29 6
77 6
28 3
17 5
60 7
66 3
2 5
32 5
25 3
99 9
54 6
49 6
82 8
33 5
75 3
73 3
54 9
10 9
24 5
14 8
18 8
14 4
5 8
19 3
6 4
76 4
22 7
66 8
60 10
39 8
35 5
59 7
40 9
3 3
56 8
92 6
90 9
80 4
74 3
95 3
67 4
79 3
6 6
93 5
42 4
30 7
65 9
8 6
47 10
58 3
91 8
97 3
69 5
61 7
95 9
59 5
82 8
88 8
50 3
76 10
47 6
76 5
25 3
94 3
85 4
34 4
2 8
65 3
64 3
62 8
70 5
81 3
34 4
60 5
31 6
72 8
23 8
26 4
39 6
20 9
100 4
61 7
2 9
50 9
11 6
95 10
7 9
82 9
51 3
30 8
49 4
11 5
73 7
50 3
80 8
8 8
40 7
68 3
62 5
31 8
14 10
7 6
13 6
49 6
15 6
8 5
40 7
92 9
65 10
25 9
5 4
63 8
39 7
31 10
76 8
37 8
29 10
41 3
50 6
52 7
46 4
1 4
47 4
38 3
58 8
67 7
21 9
40 9
2 9
94 9
98 7
29 6
27 5
47 3
53 6
9 6
20 6
82 10
19 8
56 3
46 3
37 8
70 5
13 6
35 10
73 9
67 6
29 7
75 5
26 10
76 4
66 5
53 8
16 4
89 8
26 8
54 3
97 3
63 10
66 5
64 7
5 7
14 4
87 8
8 7
31 8
7 8
18 4
49 9
44 7
40 8
9 6
53 10
46 5
55 8
42 8
40 5
33 7
48 5
30 6
50 4
61 8
48 9
78 7
48 3
59 7
51 6
26 7
8 9
36 5
55 3
8 9
40 3
34 4
26 7
61 4
47 5
6 9
57 6
31 3
65 3
41 6
6 9
67 7
42 7
74 4
92 8
72 8
35 10
41 3
36 8
74 5
39 10
70 10
9 5
68 4
98 3
66 8
35 5
81 10
13 8
2 9
14 5
43 3
23 9
10 9
95 8
20 9
19 9
4 9
26 9
19 5
77 10
30 9
54 10
26 5
95 5
47 8
3 9
53 7
21 6
86 8
48 4
21 10
75 9
56 6
95 5
4 4
59 6
20 9
83 6
97 10
65 5
97 10
94 9
93 3
63 5
16 5
23 10
4 10
52 7
94 8
73 3
44 6
18 9
72 6
72 4
62 10
37 6
44 3
67 7
64 6
40 9
41 3
35 4
26 8
91 10
65 4
74 6
71 4
100 7
80 10
45 3
18 10
53 9
14 7
60 8
77 8
25 5
83 6
70 7
37 3
78 4
39 5
14 5
32 4
98 9
26 10
91 8
88 7
89 4
15 10
70 9
77 5
11 3
48 3
87 7
43 3
53 10
32 5
38 3
45 5
99 9
19 3
28 9
98 7
64 8
97 7
19 6
50 7
17 10
81 6
49 7
96 8
49 5
100 9
98 6
10 8
63 8
98 6
2 5
86 4
22 5
40 7
46 9
53 8
93 8
21 6
63 5
73 3
11 8
4 8
66 3
82 8
87 10
21 8
8 9
36 8
84 8
8 5
16 10
97 9
69 4
17 9
34 7
48 10
81 4
27 4
4 5
63 4
16 9
49 8
48 9
87 10
27 10
95 3
71 9
18 3
41 4
59 8
54 6
27 7
78 8
94 3
12 10
85 6
32 9
24 8
93 6
15 8
29 4
72 9
19 3
67 10
68 9
23 9
60 9
8 4
96 6
40 6
94 6
90 8
65 9
33 6
36 3
84 7
93 3
1 6
36 9
87 6
63 4
91 5
6 8
95 4
40 4
76 8
56 10
21 5
98 5
53 3
23 8
42 3
67 8
84 7
5 4
20 10
89 4
99 3
52 7
41 8
65 9
51 7
28 10
74 5
68 10
96 5
46 3
82 7
61 5
30 5
48 9
6 8
16 4
65 5
27 9
51 4
69 7
48 9
58 4
52 10
68 8
44 3
35 8
23 3
71 5
82 7
80 6
51 8
86 6
88 7
99 9
29 5
6 9
67 3
80 7
85 7
51 9
28 3
11 6
26 10
69 6
27 3
25 6
55 3
67 4
87 5
35 6
1 7
16 8
43 3
92 7
75 6
73 4
34 10
99 4
97 3
52 6
86 10
10 5
73 5
84 4
77 10
27 7
43 7
87 3
60 10
22 5
55 7
69 10
66 6
5 7
14 6
80 4
11 6
85 4
13 8
39 5
36 8
57 6
87 4
63 9
43 7
10 9
88 9
84 8
64 5
53 5
71 10
76 4
63 7
35 6
13 10
93 3
17 6
13 7
13 6
5 9
33 7
83 8
98 8
17 5
47 7
30 9
22 4
38 4
11 6
7 4
6 9
2 9
29 3
6 6
60 7
79 5
39 3
95 6
52 9
94 10
66 3
36 8
32 5
13 5
54 9
1 9
85 10
61 4
28 9
70 8
3 8
53 3
3 9
16 4
25 4
84 10
96 4
3 3
19 9
71 4
36 5
32 3
50 4
73 10
93 5
38 4
8 3
92 7
48 9
41 6
44 9
13 9
45 3
24 6
37 6
7 10
27 10
6 9
9 5
43 8
72 8
67 7
44 9
95 10
85 9
33 5
80 9
37 4
54 4
77 10
9 5
56 10
3 9
41 3
97 6
46 7
70 6
50 7
61 10
18 9
47 8
58 5
17 3
50 4
66 5
31 8
11 6
96 10
61 7
43 5
6 7
83 7
56 5
79 4
42 10
25 6
39 9
14 8
2 3
7 4
63 10
26 4
68 4
72 10
18 10
58 7
72 3
44 10
56 6
88 7
62 8
27 8
84 8
17 6
27 4
53 9
17 10
3 7
49 3
53 3
13 8
83 4
93 4
49 3
57 3
72 3
21 8
79 10
100 7
51 10
18 3
19 5
82 3
58 3
74 9
94 10
28 10
69 9
63 5
29 3
58 6
95 6
71 3
87 6
6 6
30 6
11 9
37 5
92 8
26 5
66 4
37 5
68 7
6 8
49 9
48 10
67 10
4 4
8 10
91 9
65 7
41 6
5 6
40 7
6 10
53 5
88 5
69 10
43 8
41 4
60 3
70 5
57 8
52 7
38 10
92 5
26 7
93 4
77 5
92 4
57 7
74 8
5 4
47 8
15 6
61 10
80 3
6 3
44 3
66 7
38 6
6 7
60 7
6 5
57 4
38 8
42 4
15 4
37 6
59 5
95 4
29 4
62 4
98 10
3 10
31 5
45 9
63 3
67 4
71 10
33 8
41 7
53 4
28 5
12 9
95 9
72 5
42 7
88 5
42 5
99 5
99 5
9 4
57 5
18 8
65 5
55 7
39 8
85 8
56 3
65 3
21 4
96 9
73 9
12 7
95 4
3 8
4 7
99 8
47 4
54 3
72 3
85 8
30 8
38 8
96 7
51 5
96 8
40 4
5 8
39 3
77 8
50 5
34 9
34 6
29 10
7 3
69 3
78 7
83 10
61 7
8 7
41 5
80 9
57 9
57 6
91 4
82 7
84 4
37 4
76 10
67 4
87 8
10 3
77 5
20 3
39 3
48 6
47 5
84 5
35 5
12 5
14 7
84 3
83 5
42 8
34 4
77 7
5 4
43 5
56 9
74 9
67 7
45 10
61 6
46 7
15 9
6 6
55 8
29 10
64 5
1 7
40 3
23 9
82 5
37 10
2 5
91 8
19 8
87 5
78 7
99 6
97 6
2 8
77 3
74 10
68 3
30 5
35 4
74 8
43 9
8 7
36 5
64 6
9 7
3 10
97 8
48 4
73 6
89 3
86 3
13 5
69 8
1 8
89 4
88 4
42 6
98 5
56 9
39 4
92 3
91 9
4 6
5 7
26 9
21 3
97 5
79 4
100 8
81 9
36 8
77 10
84 9
35 4
77 4
32 5
9 6
1 6
78 3
31 9
26 4
16 7
5 6
89 7
88 3
50 7
67 3
4 6
100 4
46 3
62 8
51 4
87 8
8 3
32 5
64 9
62 8
8 6
38 5
12 8
25 7
54 7
3 10
38 9
76 6
8 9
38 3
30 6
37 10
36 5
59 9
45 3
50 7
73 9
81 7
52 7
12 3
23 7
94 10
66 8
71 10
37 6
58 5
99 5
97 4
72 5
56 7
21 5
4 6
87 10
13 9
84 7
45 9
41 6
47 5
83 8
88 4
21 6
95 8
96 3
58 8
69 5
85 3
33 10
11 4
99 5
90 10
5 10
29 5
3 6
46 5
75 7
21 9
62 7
19 8
94 10
4 8
21 6
73 3
85 8
4 6
65 3
38 3
82 5
57 7
13 3
78 3
2 5
76 3
91 3
56 9
11 7
86 5
37 6
45 6
72 4
27 8
96 3
8 3
41 6
75 7
64 5
13 4
11 9
84 6
46 4
94 8
73 3
61 9
58 10
49 4
89 3
17 5
66 5
40 4
88 6
66 9
12 10
18 6
90 8
23 9
5 7
15 6
36 9
89 7
63 3
41 3
36 10
90 10
26 6
23 5
36 4
19 6
2 4
3 5
35 5
80 6
64 3
39 6
41 6
73 4
76 9
32 3
30 5
84 10
37 6
7 5
91 7
46 5
15 8
20 3
14 5
24 9
18 4
9 4
16 8
47 5
45 8
24 4
33 10
45 8
56 7
88 8
47 7
57 6
35 4
27 7
73 6
40 9
98 10
9 7
66 4
87 9
24 5
3 9
90 5
64 7
11 4
17 8
35 8
91 8
13 6
49 4
94 6
13 10
53 7
74 8
11 3
85 4
14 3
94 5
87 8
39 8
9 10
28 9
60 3
71 8
19 7
82 8
45 8
96 6
68 5
39 3
3 9
96 9
14 6
96 9
48 4
48 8
77 8
81 4
99 8
33 4
60 10
79 3
1 4
12 4
30 5
14 10
61 7
29 5
15 6
94 5
33 3
43 8
28 3
68 5
99 8
69 9
45 6
73 3
73 9
40 4
91 4
81 6
100 4
32 3
5 6
76 6
69 6
44 10
34 6
16 8
55 4
58 7
42 3
99 8
100 5
55 4
50 7
22 7
35 9
78 8
33 4
43 8
79 9
45 4
15 8
41 6
99 5
100 8
98 5
47 6
64 6
99 3
32 7
28 3
75 9
76 10
69 4
59 8
14 10
77 10
25 8
48 6
51 7
56 5
95 9
14 7
95 7
8 4
100 7
96 9
95 8
27 9
24 9
90 3
42 5
88 9
85 8
64 9
85 8
52 8
15 6
82 6
80 3
77 4
13 6
33 4
16 9
60 6
41 10
94 4
37 6
7 7
91 10
82 9
83 4
60 10
11 3
44 4
68 9
51 7
70 6
55 4
55 9
73 7
5 9
78 4
84 9
59 4
15 5
74 4
41 5
100 7
60 7
25 9
58 6
27 4
37 3
52 3
99 9
72 6
60 3
68 5
53 3
67 8
70 7
23 10
75 8
29 8
47 5
14 7
66 4
71 9
4 9
61 7
40 6
21 7
1 5
63 6
83 4
2 3
92 8
20 3
87 9
38 5
52 10
16 4
97 7
10 4
81 6
34 6
44 10
80 6
85 6
70 4
38 3
38 6
45 8
59 5
82 8
73 6
19 5
51 9
30 5
4 4
64 8
23 9
83 5
79 9
4 7
80 8
94 6
34 8
46 10
60 10
75 4
96 4
11 10
70 6
100 8
86 4
62 5
55 4
95 5
25 10
24 9
54 4
52 10
35 5
56 3
14 5
11 6
43 7
61 10
54 10
73 7
88 9
46 6
28 3
2 6
95 10
26 10
91 9
94 3
84 3
86 3
1 9
27 9
59 5
21 7
12 4
89 7
50 6
39 7
82 7
41 4
18 6
25 7
86 8
2 9
85 8
63 3
4 10
12 4
73 9
98 4
17 10
33 9
51 5
33 10
42 4
21 6
38 9
2 3
64 8
59 5
98 3
5 5
31 9
83 4
28 7
58 4
50 5
96 8
15 4
1 10
62 8
60 8
46 7
18 3
81 4
1 10
92 7
5 8
20 6
51 8
39 5
93 3
74 10
41 8
67 3
72 9
62 8
5 10
63 7
16 3
71 8
94 5
79 7
59 4
31 6
85 7
27 8
25 9
91 7
7 5
90 4
31 5
96 5
2 7
16 3
60 5
11 3
17 9
52 9
48 3
76 4
90 6
28 7
90 9
32 8
66 6
45 8
96 5
7 3
67 7
82 8
23 6
17 10
23 8
34 6
82 10
38 6
41 3
50 7
63 3
11 7
34 6
39 6
29 3
50 3
47 10
13 4
91 5
41 4
43 10
36 9
73 5
84 4
66 8
32 5
79 4
32 9
8 8
18 10
43 9
20 9
79 7
54 5
88 3
91 8
20 7
78 10
84 10
58 6
3 7
38 3
58 4
49 7
35 6
78 5
51 4
51 6
54 6
18 10
89 5
25 4
70 6
97 9
23 8
52 8
37 3
30 3
76 9
57 4
26 10
44 10
43 3
32 8
3 6
4 7
67 8
64 5
88 6
16 7
75 8
12 3
28 3
51 7
63 9
58 10
10 3
41 5
85 3
70 8
48 7
62 8
11 5
44 5
69 5
60 6
86 5
78 5
80 5
33 9
93 9
12 6
80 3
70 6
45 3
98 3
65 3
1 10
15 6
13 4
41 5
47 8
66 3
8 6
26 7
20 7
61 10
6 3
44 8
83 3
65 5
68 5
19 3
58 4
77 9
21 8
18 9
98 5
46 9
65 4
16 9
49 8
50 7
83 4
24 5
38 6
55 4
76 9
82 6
50 3
54 7
81 3
33 8
65 7
54 3
56 4
64 5
64 9
52 8
17 5
94 9
61 10
64 9
69 6
93 6
10 5
41 6
36 3
25 4
73 10
96 9
8 6
98 6
61 9
27 6
24 7
85 9
76 8
64 4
19 6
45 3
62 3
70 9
36 4
16 6
16 5
11 7
80 4
8 3
80 3
38 5
7 10
2 10
43 5
64 10
28 6
93 10
53 8
73 6
49 10
61 6
39 10
83 6
37 4
33 10
30 7
6 8
39 3
84 9
10 7
57 8
3 7
22 10
85 4
85 7
22 3
40 5
92 9
99 8
79 7
71 8
25 5
97 7
44 8
55 10
74 5
23 3
39 9
75 8
46 5
94 9
35 6
38 4
65 4
12 8
43 10
33 10
66 7
76 3
42 7
81 6
4 9
80 3
42 3
75 9
31 10
26 10
7 8
100 4
100 5
52 7
63 6
67 9
63 5
2 10
81 6
47 7
28 4
78 10
52 9
22 4
2 6
31 9
69 6
34 9
65 7
77 7
21 3
18 9
96 6
20 10
88 4
85 8
29 5
91 3
97 7
63 7
96 10
4 8
31 7
52 7
44 9
21 10
5 9
40 9
42 3
18 8
72 6
8 7
50 3
47 7
36 8
16 10
64 9
58 9
82 8
62 7
98 5
62 7
2 6
56 10
81 9
21 10
64 6
100 7
35 10
15 8
12 7
31 4
47 8
21 10
32 4
40 5
72 4
53 9
7 3
2 10
24 10
56 9
98 10
57 4
40 5
16 6
62 7
67 7
1 8
92 3
56 7
43 7
68 4
92 6
20 7
58 9
62 4
55 7
77 8
96 8
3 7
62 9
10 5
22 4
37 9
41 8
11 4
97 7
50 10
81 9
90 9
58 4
21 3
56 9
56 7
68 3
12 3
90 9
93 7
27 3
19 9
14 5
77 9
31 3
26 8
28 4
26 8
27 10
91 6
92 10
4 10
62 7
100 6
38 3
66 8
100 3
38 8
80 6
53 6
33 6
84 8
43 5
22 6
9 6
57 4
31 4
67 8
54 6
94 7
1 4
11 8
87 8
84 10
4 6
10 6
42 9
3 7
12 5
42 3
14 3
23 4
34 5
88 5
45 9
91 10
95 8
39 6
71 3
48 5
40 10
75 4
54 3
22 4
70 3
89 6
23 3
71 7
92 9
72 7
10 5
6 5
95 3
22 7
27 7
16 6
14 3
38 7
70 8
27 8
32 7
2 3
87 10
42 7
94 6
59 6
1 10
58 7
19 3
93 9
37 4
3 7
88 6
63 4
66 7
57 4
15 4
44 7
67 8
91 9
87 8
87 6
26 10
53 5
30 4
35 3
6 6
81 6
31 10
99 3
1 3
2 7
34 7
63 5
14 10
28 8
78 8
17 8
25 9
20 4
35 6
87 9
25 7
36 7
99 5
30 3
44 10
40 9
41 9
91 10
40 9
35 8
38 8
55 6
68 6
31 8
13 7
3 10
94 9
99 3
91 3
16 5
15 4
83 10
84 5
46 4
86 6
40 5
15 3
30 4
4 5
68 8
84 10
53 9
99 5
40 4
86 9
22 7
84 5
59 7
26 10
79 10
43 4
89 10
27 10
20 9
2 3
66 5
43 8
32 10
40 4
83 9
25 7
68 7
35 3
45 5
97 7
60 6
16 4
55 9
59 8
63 4
92 10
45 6
91 7
30 8
17 5
4 6
52 9
10 3
69 8
71 4
100 3
8 5
36 3
77 7
38 4
14 6
41 10
12 6
6 4
55 6
53 4
40 10
79 3
69 5
2 5
59 6
70 4
67 5
9 3
8 6
90 10
10 8
15 6
14 4
84 10
16 3
28 9
14 3
2 9
71 6
30 10
51 3
92 4
29 4
45 4
3 6
58 5
26 7
20 7
30 8
77 9
81 9
90 8
38 9
2 8
37 4
63 9
77 8
92 9
89 9
8 5
99 4
33 5
24 5
12 7
86 9
86 6
46 9
44 8
6 4
41 4
6 3
41 6
13 10
25 6
84 8
3 9
39 3
37 8
95 10
10 8
5 4
80 5
31 10
39 10
27 10
51 8
13 4
22 8
91 3
87 4
95 7
67 9
65 4
71 4
75 10
58 10
44 9
24 7
38 10
67 3
23 4
15 6
84 5
2 8
88 10
36 6
73 3
8 3
7 4
9 10
84 3
49 4
89 10
22 7
78 3
25 7
78 4
10 4
17 7
4 4
43 6
55 5
88 9
45 4
5 5
31 9
87 8
50 4
26 7
76 5
93 4
25 6
48 6
17 9
88 4
3 4
19 4
97 5
82 6
47 5
22 10
98 7
28 9
100 7
70 7
16 6
79 4
46 6
42 3
49 4
8 10
38 8
30 10
93 9
5 9
51 6
48 9
15 6
84 9
42 7
18 5
48 6
3 4
66 5
86 8
46 5
16 9
42 8
27 3
92 9
61 8
20 9
95 5
56 5
88 9
52 6
63 6
37 5
86 6
36 3
32 7
76 3
92 7
97 7
69 4
54 4
84 8
14 10
67 10
46 8
85 5
19 9
32 7
37 10
93 10
92 4
66 10
58 10
91 4
14 3
73 8
98 8
52 7
58 7
61 6
11 8
97 8
96 6
5 10
46 4
42 3
93 5
1 3
24 7
19 10
86 4
86 8
92 10
7 3
93 7
8 7
16 5
53 5
39 9
29 10
24 8
78 8
96 9
95 7
80 10
11 7
44 4
89 4
67 9
27 6
64 9
54 9
55 5
66 8
89 10
84 4
32 8
76 9
11 9
64 10
18 10
40 8
56 9
18 6
60 7
83 10
35 10
39 10
77 10
63 8
90 6
52 5
58 6
21 3
1 10
42 6
70 6
66 7
50 5
21 5
3 9
57 5
16 7
27 4
79 7
49 3
18 6
54 5
4 7
5 8
23 8
73 3
72 8
93 3
40 8
74 5
64 5
58 9
22 3
15 9
84 6
28 8
35 6
49 9
6 5
80 7
80 5
94 8
25 5
92 9
96 7
67 3
77 9
87 9
22 4
37 7
31 3
44 4
24 6
90 7
44 5
71 10
32 4
98 8
6 5
94 5
39 9
4 8
12 4
86 3
96 6
48 9
66 3
35 7
42 9
36 7
80 4
50 10
15 7
54 10
49 4
97 8
12 3
40 6
86 5
27 7
83 8
87 10
31 6
98 10
27 10
54 9
13 10
26 6
4 7
29 9
89 8
97 6
5 4
99 7
53 8
94 10
40 5
97 7
58 7
94 5
43 5
64 9
78 5
68 10
55 7
64 7
2 8
55 4
18 7
94 5
78 9
99 9
79 8
90 4
45 6
16 10
94 7
31 6
77 7
71 7
9 6
3 6
81 8
83 10
96 3
3 6
7 8
67 7
56 6
32 7
65 8
82 9
23 6
62 10
46 7
19 5
64 4
86 6
95 10
16 9
34 5
8 5
39 3
59 4
5 10
2 8
69 4
71 4
69 6
88 5
15 9
27 8
69 10
41 5
86 8
13 7
79 10
8 9
58 5
64 6
41 6
88 3
78 4
98 7
73 6
86 6
85 7
36 5
88 3
22 4
34 6
100 5
8 10
79 8
54 3
7 3
71 3
57 5
1 5
98 6
87 6
94 10
39 4
71 3
81 4
72 9
59 3
25 7
18 6
94 9
71 10
40 7
4 9
74 6
39 5
48 4
27 8
13 6
74 8
47 4
71 4
91 7
39 9
12 5
79 6
99 6
48 10
16 3
91 9
5 10
2 4
84 4
5 9
31 9
44 9
67 7
29 7
92 4
83 9
12 9
58 7
30 6
32 5
28 7
97 6
2 8
18 9
21 10
27 6
49 10
49 6
44 4
86 8
58 10
94 6
46 8
69 8
91 8
48 4
84 4
38 7
28 9
47 9
97 7
32 7
75 7
24 10
60 10
51 3
43 5
28 9
42 10
90 9
44 5
96 9
18 8
100 10
75 5
52 7
54 4
94 9
38 5
61 8
6 7
71 6
18 4
65 10
51 10
21 3
9 4
62 6
20 3
74 9
19 8
72 10
43 5
42 6
42 3
52 3
29 9
99 4
42 10
60 10
39 6
28 7
68 3
68 5
58 10
50 10
65 6
23 3
65 8
61 6
72 7
71 6
33 4
72 9
24 6
35 7
6 4
33 6
24 6
17 7
78 9
54 10
66 4
72 6
58 8
22 9
94 7
10 9
40 4
7 7
49 3
62 8
76 4
65 7
19 3
68 4
59 6
30 3
62 4
36 4
80 10
79 5
86 10
50 10
64 5
10 9
74 7
27 10
11 10
98 10
54 4
48 8
4 3
8 6
17 7
78 4
27 3
2 3
56 9
43 7
52 8
20 7
86 4
37 10
91 5
11 4
21 6
3 6
9 9
63 5
26 4
77 3
93 7
44 5
2 5
43 7
28 3
46 4
20 10
27 6
18 9
22 5
49 5
10 7
26 8
80 6
67 3
81 5
26 5
98 9
20 5
36 3
53 5
78 5
66 3
25 7
61 10
30 9
41 5
14 8
14 8
60 3
36 6
6 3
50 9
39 6
83 10
19 9
28 4
24 3
22 3
33 7
92 8
84 9
39 3
34 8
9 5
54 6
82 3
65 6
30 7
50 4
85 7
72 5
26 4
69 6
86 6
59 7
44 7
81 6
31 10
42 3
55 6
93 10
29 8
92 4
44 8
30 10
88 3
28 4
56 9
98 4
80 4
100 4
27 8
99 5
40 3
11 4
97 9
63 10
55 4
36 6
70 3
14 8
65 7
46 7
62 7
18 3
78 7
84 5
6 6
85 3
35 6
74 7
17 10
6 4
68 8
63 6
64 7
49 7
84 3
16 5
34 8
83 5
26 6
37 8
38 5
42 7
43 10
53 3
73 9
86 5
37 10
93 9
23 10
24 8
51 10
63 10
67 9
6 8
42 7
45 8
94 3
28 6
96 3
65 7
90 10
34 3
39 9
61 8
98 9
9 8
22 7
70 7
63 5
19 10
71 8
11 9
17 3
98 4
55 10
36 6
45 7
6 9
28 6
32 7
7 6
6 5
4 5
65 3
2 3
6 3
15 3
60 10
67 5
4 3
59 8
84 8
53 9
91 7
79 6
43 3
49 6
95 4
45 3
45 10
71 4
13 5
41 3
27 5
17 3
98 10
87 7
4 5
67 9
92 10
30 3
91 6
86 3
85 9
30 9
68 4
86 10
15 5
41 4
69 4
87 6
75 8
71 10
5 5
26 4
83 9
16 8
72 4
54 4
35 5
38 8
3 6
95 4
41 8
33 8
8 6
78 9
61 9
58 6
83 3
8 9
94 5
96 4
28 7
44 10
7 4
14 3
35 5
88 3
48 8
97 6
69 6
46 10
48 4
11 7
43 4
8 10
11 9
69 10
79 7
15 6
70 6
82 8
45 4
48 3
99 8
11 7
20 7
62 4
78 10
22 6
16 7
28 7
11 6
76 6
6 10
70 6
92 7
91 8
7 3
32 9
59 4
31 8
98 8
44 8
25 10
2 6
77 9
43 7
82 7
19 7
14 8
9 3
99 4
80 3
8 7
73 3
67 4
41 9
36 9
48 9
55 3
87 3
80 9
46 3
67 8
46 7
4 8
27 6
45 7
97 8
42 9
70 10
23 3
40 5
49 10
19 5
76 10
84 9
74 10
100 9
26 5
7 4
20 5
81 4
56 6
54 3
87 5
85 9
96 3
2 3
58 5
57 6
91 9
64 3
27 5
65 3
56 6
10 9
17 6
15 9
60 6
42 5
100 4
25 5
56 5
65 9
21 5
41 6
43 10
50 3
11 10
67 4
63 6
35 7
41 4
36 7
28 9
87 9
53 3
16 8
59 9
60 6
98 7
52 3
83 7
62 3
6 8
13 7
3 3
10 9
28 9
91 9
28 9
25 5
45 5
56 5
79 10
29 7
7 10
82 4
70 5
46 3
2 7
81 9
27 6
85 4
17 8
14 7
93 10
57 8
95 9
5 3
66 9
86 10
20 6
65 3
94 8
8 8
88 9
13 7
73 4
98 5
99 7
91 7
51 7
45 4
83 3
38 3
21 8
49 10
35 7
58 4
56 3
97 6
13 3
82 8
44 3
48 3
40 6
85 9
51 10
76 9
67 6
8 8
73 6
10 5
53 4
81 3
30 8
57 5
44 7
14 9
81 4
71 5
98 10
87 7
92 10
82 7
63 6
88 4
41 6
72 10
21 8
92 6
5 8
29 4
43 8
77 4
48 10
6 6
73 7
6 4
23 10
89 3
70 4
91 8
37 7
7 10
100 8
40 9
32 8
94 5
40 4
14 5
43 9
92 6
54 9
23 4
31 6
22 10
75 10
38 6
43 8
42 5
66 8
62 10
11 3
56 9
77 3
9 9
29 5
38 7
31 7
54 6
18 8
8 3
7 3
78 4
38 9
51 7
39 9
39 10
21 10
18 4
43 5
80 3
59 4
98 4
59 5
77 9
61 6
53 7
36 7
47 5
24 8
61 3
87 6
88 4
13 8
48 5
42 4
69 3
7 7
31 4
61 5
4 8
70 6
82 10
22 6
71 10
40 10
71 5
93 7
79 10
48 8
43 4
1 3
9 10
9 9
14 8
81 8
45 3
23 8
64 5
68 5
94 9
91 9
61 4
46 3
97 5
14 5
40 5
24 8
35 10
22 7
64 10
63 5
71 9
3 8
44 3
62 9
28 3
17 3
28 6
33 8
96 4
9 7
46 4
49 5
6 10
50 7
77 9
39 3
2 4
41 7
78 5
31 9
98 10
44 7
42 5
68 3
86 9
30 7
60 3
4 7
66 8
87 6
34 7
51 6
21 6
46 8
18 6
34 8
41 9
90 9
71 10
78 4
63 4
13 3
19 10
84 8
42 5
95 10
19 5
88 6
54 5
81 4
84 5
44 6
39 9
11 7
38 5
76 8
48 7
91 5
79 8
60 7
56 3
7 9
99 4
39 10
98 5
96 7
38 5
55 8
12 4
18 10
5 7
81 3
76 4
64 3
37 6
55 4
55 9
48 10
5 9
61 5
90 4
15 8
66 8
17 9
11 5
96 7
81 7
49 6
44 6
73 6
31 4
50 10
86 9
91 10
4 10
22 8
51 3
72 9
87 9
23 9
97 8
71 3
17 4
9 6
86 5
51 9
33 4
73 7
37 3
17 9
9 7
42 9
78 9
68 6
77 3
43 10
34 6
61 8
62 6
70 10
61 3
41 7
93 5
61 7
9 9
92 5
100 8
72 4
43 6
4 9
73 6
24 7
39 10
31 3
78 9
20 6
53 9
42 3
19 7
98 6
48 7
67 9
48 3
20 10
9 6
9 4
59 4
42 3
73 7
51 8
33 6
28 3
5 4
55 4
40 4
30 9
29 6
93 10
27 3
63 3
59 7
73 7
32 4
30 8
76 4
78 10
8 5
16 8
21 5
9 6
83 7
59 8
59 8
8 8
81 6
50 5
30 5
68 6
67 4
52 5
87 9
37 5
15 9
59 10
98 4
33 7
72 4
73 5
18 6
46 9
63 8
86 3
55 8
73 8
65 6
60 7
62 7
29 8
17 8
99 9
24 4
65 3
85 3
20 10
13 5
55 9
11 6
98 5
44 7
61 9
20 7
33 8
58 6
7 6
6 7
79 8
81 8
24 10
35 9
86 10
5 9
7 4
3 8
30 9
70 7
98 7
48 6
88 7
63 3
79 7
1 9
12 6
48 6
27 3
27 3
44 7
67 9
5 9
46 6
75 6
97 3
87 9
45 6
82 8
23 3
75 5
34 6
61 4
53 6
28 10
94 4
22 3
54 7
34 7
84 6
88 9
44 7
1 5
48 10
4 9
96 5
67 3
42 4
20 4
66 7
36 8
53 6
18 9
89 8
25 3
98 6
38 9
100 5
38 3
30 8
21 8
93 3
34 7
53 10
1 10
61 3
79 10
11 10
5 5
14 4
60 5
80 9
57 5
88 4
61 7
62 8
96 4
86 10
82 3
71 6
12 6
38 9
8 3
26 5
13 7
59 8
5 9
48 6
30 3
75 7
90 3
71 5
81 4
5 7
48 3
80 3
11 7
99 9
25 3
61 6
90 10
56 10
9 8
40 5
91 4
15 8
8 4
62 8
41 6
41 4
21 7
62 8
42 9
80 10
27 8
80 3
84 6
35 7
65 9
22 3
14 8
63 9
31 6
7 7
18 9
54 9
95 4
78 6
32 4
7 4
98 7
17 3
28 7
1 5
71 10
32 3
1 5
57 8
57 8
98 3
84 5
8 9
94 10
93 9
61 10
44 4
67 10
51 5
48 6
4 8
32 9
57 9
48 6
35 6
87 4
78 7
36 4
82 4
18 5
30 4
90 6
25 5
25 5
14 7
89 3
30 7
17 7
39 7
68 4
71 9
21 6
63 6
59 10
57 5
89 7
32 5
69 8
94 3
44 3
96 7
71 10
65 8
36 10
92 7
83 8
9 6
100 10
15 7
93 8
31 6
44 5
73 8
79 5
17 9
33 7
41 6
66 10
20 4
62 10
90 9
14 3
1 9
24 9
36 5
77 4
77 4
60 9
38 7
3 4
6 9
72 6
59 9
6 3
25 4
76 6
89 10
82 8
1 4
5 4
78 8
86 6
92 10
77 3
10 4
25 8
36 9
45 8
71 9
70 9
78 10
82 7
6 10
59 10
69 4
59 9
99 4
10 6
33 3
7 4
87 4
64 3
7 10
14 3
75 8
71 10
10 8
9 7
74 3
67 9
88 6
11 10
74 10
83 6
44 3
40 10
77 3
38 4
26 7
63 6
35 3
97 7
99 8
83 3
14 3
52 10
50 7
72 4
72 5
13 7
90 10
88 7
72 5
89 9
80 5
62 10
99 8
81 5
9 10
79 7
48 5
51 10
66 3
43 5
10 4
55 8
55 4
44 9
40 4
1 6
67 7
45 10
69 5
100 6
2 8
55 10
87 7
30 5
35 8
23 4
94 10
6 8
6 6
100 7
18 5
61 4
29 3
52 6
51 6
79 7
66 3
77 8
72 3
78 6
10 8
83 5
29 3
65 6
39 3
77 7
33 10
34 10
98 9
11 4
62 7
18 3
66 7
16 8
73 9
88 7
45 5
29 8
14 6
63 6
69 3
59 3
94 8
85 10
75 8
42 9
51 5
50 3
80 4
22 7
25 8
31 6
91 9
69 4
70 3
13 7
35 4
44 6
39 8
87 4
84 7
28 10
91 8
65 9
47 9
45 4
83 8
94 4
77 10
29 6
54 5
38 5
95 9
53 5
12 10
34 7
23 4
3 10
71 5
82 4
72 3
28 5
2 7
19 5
2 7
47 5
97 3
73 8
65 5
48 5
96 8
23 6
37 5
44 6
86 6
43 8
46 5
32 3
37 8
54 8
37 3
9 4
76 8
12 4
86 3
25 7
43 8
96 9
2 10
94 7
23 5
48 5
80 5
4 9
33 9
97 9
2 7
14 6
51 8
68 3
11 7
60 8
9 3
68 10
44 7
97 7
18 8
50 7
54 3
56 8
5 6
50 6
46 5
23 3
30 7
27 7
96 3
58 10
20 3
4 3
2 3
59 5
98 10
98 8
27 9
11 7
39 4
67 3
23 8
61 8
26 7
37 3
45 3
68 9
2 5
29 7
62 5
40 10
94 9
63 3
3 5
67 8
57 7
8 10
17 3
52 8
14 4
4 9
50 7
67 5
6 3
53 4
38 6
68 7
78 3
84 7
47 4
53 3
73 5
14 7
55 6
33 5
44 5
32 4
22 4
73 7
87 5
97 9
46 4
58 8
19 5
88 8
19 7
98 6
36 4
46 10
28 3
42 7
37 7
90 8
3 5
40 3
78 8
37 5
66 9
78 7
89 8
61 5
21 4
60 4
20 7
33 8
68 6
61 6
7 7
44 4
9 9
38 4
15 5
43 6
35 3
18 9
73 9
87 7
64 7
84 8
94 6
76 6
12 6
29 8
53 7
33 7
83 8
95 5
83 6
74 5
67 9
9 10
24 6
49 3
59 7
16 6
22 8
7 4
36 7
24 9
9 5
18 5
16 8
18 10
2 4
11 10
37 3
15 7
87 8
1 4
1 4
2 8
13 7
38 10
84 8
76 9
49 6
98 3
51 8
74 6
52 7
99 7
82 7
26 7
80 3
57 3
34 9
98 6
84 6
30 6
9 3
44 3
34 10
64 5
10 8
81 9
24 5
37 8
22 10
5 4
80 7
77 8
80 9
12 10
3 8
60 10
8 7
44 5
6 9
11 9
52 9
21 3
69 5
1 4
60 10
41 7
92 4
64 3
32 10
87 9
14 8
28 6
56 10
68 4
47 7
77 8
45 5
27 5
10 6
67 3
13 4
64 7
48 3
26 8
28 9
17 9
28 10
6 4
52 3
20 4
7 6
5 5
20 3
3 8
75 4
19 4
86 4
29 4
70 7
20 3
43 4
2 7
83 4
94 10
69 9
29 5
14 3
85 7
39 8
20 4
76 6
93 5
24 4
38 10
77 7
75 4
28 8
99 9
28 10
9 3
9 6
56 5
81 6
64 3
98 10
52 4
29 3
75 4
18 8
79 8
93 8
3 4
9 8
49 3
37 8
87 7
46 4
80 8
72 10
64 4
65 5
76 8
11 3
67 9
36 6
95 4
64 3
32 5
66 6
99 5
19 8
49 9
43 9
51 10
51 6
13 6
69 3
76 4
64 5
59 10
91 8
71 4
32 6
52 3
37 5
47 6
95 6
29 8
95 4
69 7
72 5
52 3
72 10
29 4
64 9
90 5
5 8
12 8
76 8
47 3
35 10
82 10
55 9
3 10
100 10
36 8
28 7
64 4
72 3
36 5
8 9
92 3
54 4
44 10
60 7
50 7
1 9
42 8
49 3
2 9
23 8
26 7
3 5
4 10
76 7
57 3
49 3
54 10
20 4
22 6
75 4
66 7
53 9
41 4
4 9
98 9
58 3
57 6
12 4
51 9
78 4
41 9
53 4
40 7
23 8
59 7
7 7
11 7
84 5
49 6
30 7
82 8
67 7
44 7
80 9
37 7
29 4
29 4
7 4
27 9
98 3
70 4
38 7
64 10
86 5
10 3
58 8
6 5
37 4
3 6
24 5
19 3
77 9
9 4
67 6
86 6
4 6
41 3
39 3
56 6
87 7
96 9
19 5
88 9
36 7
41 4
25 8
50 7
51 6
8 8
17 6
100 5
47 3
1 10
17 7
60 10
38 4
24 10
58 8
99 9
4 5
24 9
72 9
11 9
100 10
10 10
73 10
41 9
56 10
44 8
8 8
89 10
52 4
40 5
45 8
75 6
46 6
24 10
2 10
21 6
100 3
88 10
22 3
71 7
3 4
1 4
2 3
50 9
39 3
55 6
73 6
99 4
52 9
97 6
39 10
15 8
7 4
64 4
36 8
91 6
41 8
40 5
56 9
63 3
57 3
94 7
58 4
10 4
29 7
34 8
84 6
95 9
65 3
30 9
61 9
90 4
72 7
42 6
33 4
51 8
65 8
95 5
97 8
60 8
45 7
66 8
14 8
41 6
100 3
84 3
16 9
27 6
25 6
92 10
19 5
85 3
83 7
75 3
99 7
49 5
18 9
41 9
88 4
8 3
17 9
84 6
72 3
88 9
51 7
94 3
52 9
98 6
28 8
16 8
88 7
78 6
14 7
8 10
80 3
2 10
58 5
48 6
16 4
40 6
71 8
89 9
28 9
26 5
5 6
13 8
56 3
87 7
55 7
25 9
72 3
19 9
50 10
43 9
70 10
37 10
59 8
8 4
71 9
64 5
57 5
59 5
69 7
79 8
69 10
98 4
54 4
83 9
31 10
39 7
54 5
73 7
10 8
71 4
65 6
6 4
19 5
33 9
71 7
65 6
15 8
34 5
41 10
45 7
17 8
72 3
30 7
33 3
99 9
79 8
5 3
30 5
26 6
1 6
97 10
63 4
22 3
26 9
13 8
7 5
80 6
33 8
11 7
67 9
95 9
84 9
100 10
12 4
65 7
27 9
16 10
88 9
27 8
41 3
13 10
83 6
88 4
39 8
84 3
74 5
44 6
36 3
91 9
35 9
49 9
96 6
99 5
58 10
97 8
28 9
12 5
95 5
73 9
61 7
78 10
68 6
19 6
44 6
98 7
38 5
67 5
43 3
41 4
87 3
34 3
85 9
35 9
54 5
84 6
90 6
14 7
55 4
49 7
38 5
59 4
25 9
10 3
53 4
82 5
32 7
51 7
59 3
36 9
6 4
65 8
47 9
25 8
4 4
23 3
22 10
12 6
89 3
89 4
93 10
46 7
96 6
3 9
46 7
20 10
43 6
96 6
35 10
49 9
22 8
61 4
89 4
84 5
55 3
46 6
90 7
95 10
50 4
39 10
62 9
5 10
41 7
53 6
55 4
52 4
39 8
80 7
69 8
3 9
15 7
95 10
98 10
70 10
55 9
13 7
96 8
91 10
81 9
82 7
56 5
37 4
82 8
79 7
32 4
47 9
2 10
59 4
33 10
71 8
14 9
43 6
84 10
25 3
33 8
7 3
64 9
80 5
6 6
17 4
75 10
18 3
55 10
77 5
16 4
33 6
34 6
4 8
73 3
36 4
93 9
9 9
55 6
52 5
28 7
58 5
9 5
56 4
40 3
72 7
95 3
43 4
56 9
22 7
86 4
37 3
20 10
78 6
28 6
5 10
85 3
63 7
3 6
96 9
53 8
79 4
20 4
58 6
33 5
17 3
13 9
84 9
61 8
97 4
22 10
85 9
24 3
16 4
7 5
14 7
29 4
40 9
12 7
87 9
17 4
11 7
80 6
14 10
50 3
80 6
67 3
42 5
79 6
96 5
42 7
15 4
72 3
69 6
65 10
87 6
1 4
23 4
17 10
68 3
15 10
16 5
18 6
60 4
94 9
41 8
72 7
90 4
1 6
61 5
11 4
39 7
46 4
67 4
25 9
53 10
2 3
31 4
11 4
22 9
28 9
55 4
46 3
73 9
83 6
5 5
26 5
93 3
39 4
24 9
57 6
71 3
34 7
38 6
7 4
96 5
84 4
73 8
38 8
23 8
41 7
79 8
16 7
28 6
6 6
26 6
17 8
48 9
23 10
55 9
12 6
92 6
76 10
33 6
70 3
7 7
5 6
21 9
92 5
80 8
70 3
98 8
100 10
96 7
88 8
61 3
65 9
46 6
73 10
36 4
16 9
7 4
17 10
31 3
20 5
77 3
1 6
68 3
53 9
89 8
81 6
61 8
63 10
57 10
58 7
22 8
60 7
76 4
26 7
3 7
87 8
75 5
18 3
26 7
43 9
96 4
68 10
17 5
83 3
65 5
28 6
96 4
36 10
12 7
92 5
23 5
90 9
64 7
45 7
99 7
30 6
80 5
51 5
94 5
95 5
62 4
33 8
52 10
71 6
22 7
27 8
98 3
65 4
40 3
94 7
96 5
11 9
28 5
17 4
62 5
74 6
56 9
99 4
62 8
48 5
82 7
28 10
53 7
95 3
18 4
55 8
49 6
19 4
78 4
64 9
62 4
87 10
7 7
25 4
87 10
36 8
9 7
46 10
92 6
72 8
21 6
65 7
86 9
12 10
7 4
51 9
25 8
23 4
60 4
87 8
46 4
65 7
75 6
3 8
56 3
58 7
59 7
2 9
77 3
20 3
50 5
13 4
47 3
85 8
62 3
64 4
9 10
24 10
35 9
35 9
31 10
83 8
13 7
81 5
82 9
54 4
100 10
99 8
37 3
26 10
40 4
61 4
51 10
72 9
64 7
65 6
94 9
2 4
80 8
40 7
57 4
20 8
98 4
88 5
59 8
2 4
54 7
21 9
52 3
3 5
38 9
43 7
31 10
42 10
58 4
33 4
16 7
93 9
20 5
80 10
25 7
99 7
93 3
67 9
55 8
46 7
96 3
6 10
62 8
28 5
90 10
84 6
96 7
1 4
78 6
70 4
57 10
75 10
86 8
8 4
51 9
60 9
76 5
61 10
50 4
84 10
20 7
86 10
57 3
67 10
51 3
81 7
68 10
54 10
83 4
46 7
16 7
74 10
35 7
37 10
75 5
56 4
99 5
24 8
66 3
55 4
67 9
80 9
81 9
52 9
15 5
94 3
19 7
80 10
78 6
50 5
70 4
4 9
88 6
28 3
77 4
45 7
38 3
37 5
100 5
27 8
1 6
19 7
46 9
81 5
38 6
95 5
35 9
93 9
64 5
25 3
87 8
28 3
81 6
75 6
6 3
59 6
46 8
43 8
99 9
9 9
96 5
33 5
96 3
6 7
17 4
73 9
49 9
77 7
35 10
90 6
18 9
70 3
70 5
2 6
25 7
13 5
41 4
17 6
16 10
27 7
49 8
73 7
29 8
41 10
25 8
32 4
88 3
29 5
21 4
16 5
34 7
49 3
31 3
74 6
86 8
45 6
57 10
32 10
69 10
97 3
65 10
14 6
80 8
60 6
48 5
44 9
6 9
64 3
40 10
80 4
74 6
7 8
21 10
7 9
69 3
40 5
7 5
80 9
41 3
33 9
39 4
3 9
92 5
43 9
61 7
100 9
4 5
76 8
22 9
32 3
70 10
89 8
3 3
18 7
58 6
50 3
12 7
93 6
18 8
58 3
79 5
48 10
18 9
1 9
78 5
32 6
5 9
51 8
82 4
76 7
96 3
37 9
3 5
35 6
82 5
63 6
4 6
55 10
5 4
78 9
80 10
33 6
18 8
71 3
21 9
9 9
61 6
28 5
34 6
32 8
1 8
18 10
33 4
22 8
81 8
45 10
88 10
37 3
24 4
19 6
62 8
86 9
7 6
12 9
54 9
14 5
4 5
92 7
8 4
63 4
5 4
54 5
63 3
70 5
57 6
43 7
32 4
63 5
5 10
31 8
73 7
62 8
96 9
56 5
13 8
19 9
55 6
26 8
66 5
97 3
79 8
43 5
19 4
56 7
87 5
6 5
63 9
64 6
42 6
13 4
49 3
55 4
86 7
93 9
75 9
42 3
9 7
16 9
40 9
69 9
77 10
9 3
81 8
77 3
47 6
89 7
74 6
24 6
60 8
66 8
40 7
1 5
71 9
30 8
36 10
57 3
2 4
95 6
66 5
15 5
30 10
65 9
84 5
84 9
36 7
90 8
76 4
70 4
85 9
86 8
74 5
87 5
8 4
51 4
57 9
33 5
13 8
99 10
8 10
16 8
94 8
70 10
55 9
90 7
56 5
7 3
60 8
79 8
74 6
29 6
10 7
27 4
7 7
11 5
30 6
11 3
11 5
70 10
90 7
57 7
62 9
24 3
14 3
68 7
78 8
31 7
54 9
41 9
86 4
38 6
81 5
80 5
99 10
59 9
39 4
37 10
84 4
72 8
57 7
63 4
39 5
64 7
66 5
17 7
88 4
44 10
33 3
2 6
61 7
89 3
19 10
37 3
92 10
43 6
7 9
53 6
87 9
27 3
83 5
54 5
9 10
52 6
13 6
7 8
47 7
23 4
29 8
20 3
3 6
8 10
92 8
49 7
27 3
41 7
9 3
7 6
99 9
30 4
72 9
38 9
58 7
24 8
22 8
6 9
71 10
86 4
67 3
60 10
66 4
65 7
37 4
33 7
11 5
8 10
29 9
9 8
24 10
29 10
21 5
87 6
15 8
93 3
91 7
88 8
23 5
71 3
82 3
10 7
37 6
94 10
84 10
98 6
2 8
19 4
75 7
28 9
37 8
73 3
81 9
96 7
23 3
20 7
23 10
30 9
94 10
48 7
81 4
31 4
65 3
63 3
76 10
25 8
100 6
97 6
83 4
72 8
38 4
93 4
34 4
56 5
61 8
69 10
5 6
40 7
96 3
67 6
6 8
99 8
98 4
68 9
99 4
62 8
82 10
14 10
58 9
58 8
49 3
70 9
90 4
85 8
84 10
33 3
6 10
78 3
15 3
38 3
74 9
28 3
19 9
49 6
75 5
44 4
56 8
65 7
63 9
89 8
41 8
69 10
6 6
54 4
34 10
67 5
9 3
63 7
39 7
44 10
77 10
51 8
70 8
85 5
70 5
83 9
31 6
11 8
6 5
90 4
2 4
93 3
68 8
66 3
29 5
12 4
10 10
11 6
52 4
96 7
31 10
30 3
2 9
65 6
20 9
65 10
24 3
54 3
91 8
38 9
25 8
69 5
47 3
40 10
23 5
4 4
4 4
33 4
53 5
8 6
65 4
39 8
69 6
23 9
20 4
74 7
59 9
87 4
64 8
34 5
41 6
99 5
53 8
10 5
81 4
77 9
36 10
56 10
70 10
25 4
87 7
32 8
91 8
32 9
7 7
11 4
39 3
52 5
88 8
14 7
24 8
52 4
40 7
73 8
38 9
79 8
17 10
44 6
90 6
35 7
39 5
26 10
49 5
70 5
86 3
49 5
15 4
19 5
11 7
75 4
85 10
82 4
94 5
91 7
44 9
61 5
19 7
35 9
64 9
49 8
72 6
21 10
89 9
100 5
51 3
49 6
38 10
31 4
21 8
6 6
41 9
87 5
86 10
47 5
9 9
62 10
6 7
74 4
57 4
28 4
52 3
78 9
43 9
55 9
61 10
32 9
18 3
95 10
59 5
10 4
41 6
95 9
57 5
48 4
49 5
93 4
12 8
9 9
55 8
11 5
62 9
13 8
73 5
25 7
24 5
74 3
41 10
73 9
83 4
22 6
53 4
51 3
29 5
70 5
61 5
23 4
83 3
20 10
91 5
6 6
43 10
87 8
47 10
9 7
78 7
51 8
32 4
34 9
78 8
16 5
1 3
15 6
71 6
59 8
19 5
24 7
60 8
21 5
70 7
79 7
63 4
82 10
63 8
42 7
22 8
47 4
71 6
52 7
87 10
5 10
66 9
30 5
7 7
14 5
83 5
62 8
73 4
32 10
60 9
69 4
75 4
51 7
35 3
71 10
99 3
56 3
78 7
87 5
33 7
45 3
10 4
96 5
17 3
72 4
44 9
14 5
24 7
38 4
82 9
94 3
95 9
63 7
1 8
99 8
19 7
98 5
41 7
19 10
78 6
67 3
54 4
57 10
28 8
31 9
100 5
93 9
61 8
1 10
70 8
75 4
83 9
12 9
84 6
39 4
8 4
7 9
59 7
90 3
22 4
24 9
84 3
58 5
64 9
64 10
24 6
5 10
88 6
70 9
33 6
62 6
57 5
1 3
87 9
2 6
7 6
50 5
90 6
89 10
14 8
78 5
11 9
49 5
55 8
6 10
94 9
9 5
15 10
100 4
26 4
42 9
46 8
14 8
91 6
95 8
88 8
41 3
56 3
63 3
24 9
70 7
11 9
16 3
1 6
16 4
79 4
65 6
27 10
46 8
55 6
25 8
13 10
52 7
35 5
57 8
67 3
57 9
9 7
39 10
13 5
56 5
91 7
54 4
66 6
89 3
75 4
19 7
62 6
21 6
26 6
67 7
79 3
4 8
79 5
68 9
33 7
20 9
40 6
9 7
64 4
27 8
71 4
85 7
82 10
53 4
83 9
37 10
13 3
44 9
60 3
54 10
84 6
58 8
25 8
33 5
8 5
21 7
94 5
91 8
24 8
64 10
65 7
28 3
19 5
69 6
47 9
96 7
6 10
3 7
33 7
10 5
66 5
87 5
2 4
47 4
67 8
88 5
62 10
53 4
70 5
97 6
1 5
22 3
43 4
70 9
75 4
64 6
23 8
87 3
66 3
9 9
81 9
9 4
72 6
84 3
62 3
32 7
87 7
84 7
51 7
88 9
13 3
7 9
75 3
95 3
34 4
30 8
81 4
82 3
29 7
39 5
57 6
31 7
36 5
56 5
5 6
100 5
54 7
67 8
52 7
53 7
52 4
17 8
67 3
95 8
38 10
21 8
80 7
96 7
9 10
14 3
42 3
1 9
27 5
8 9
11 6
54 10
10 5
31 8
85 5
33 9
100 4
88 3
14 10
94 10
13 3
90 10
83 5
7 6
45 4
10 9
35 5
55 7
95 7
33 7
32 8
42 10
14 7
48 9
47 10
37 7
61 10
15 8
69 6
11 7
70 4
13 3
88 9
18 6
22 4
31 10
84 8
72 9
26 3
38 5
88 9
59 6
90 6
17 7
80 9
5 6
39 9
51 10
40 8
100 8
100 7
89 4
37 3
91 7
70 8
4 5
55 6
96 10
5 4
49 8
77 9
53 5
74 9
60 8
60 3
41 9
66 8
1 8
51 3
69 8
35 9
20 5
33 6
54 4
10 7
51 10
32 5
30 3
36 4
23 8
47 3
90 4
49 6
14 9
27 8
57 4
7 4
66 5
57 10
58 9
59 4
74 9
16 3
58 3
83 9
78 8
5 4
62 9
5 10
49 3
80 6
69 8
86 8
19 5
3 9
68 5
33 5
93 7
54 7
37 5
38 3
98 7
16 6
66 4
47 5
45 4
47 4
50 4
85 10
82 10
67 6
36 9
70 3
38 6
51 4
97 4
61 9
12 3
60 8
89 3
87 9
27 3
92 3
35 8
95 6
56 7
27 4
99 5
32 10
62 5
7 3
31 9
83 4
4 3
17 4
15 6
92 8
8 10
64 6
61 4
28 10
27 10
19 8
54 5
84 9
44 6
71 3
45 3
70 8
26 3
21 6
55 4
66 10
45 7
20 5
5 7
90 5
85 9
41 3
41 5
58 8
71 9
50 8
38 6
78 9
41 10
71 10
18 6
100 7
43 4
91 6
51 4
76 3
40 6
59 4
53 5
33 4
39 3
31 7
12 6
29 10
99 8
22 6
13 5
15 3
3 8
12 8
85 8
70 4
18 3
94 6
77 4
67 8
10 7
17 6
67 10
29 10
1 5
4 7
8 5
87 8
27 5
46 7
33 4
83 6
25 10
10 10
37 4
13 6
56 6
33 10
11 7
1 6
36 6
78 6
45 9
76 7
31 4
26 7
3 4
31 9
25 9
60 9
50 9
95 3
70 3
24 8
1 3
83 7
4 6
20 5
29 6
41 3
31 9
19 6
93 5
86 3
87 6
69 9
40 3
8 4
81 9
58 8
76 9
85 4
41 4
68 3
74 4
88 10
1 4
88 3
95 8
18 3
9 5
61 10
19 6
15 5
36 3
69 10
45 7
42 4
91 4
17 8
57 9
9 8
93 8
66 4
23 6
91 8
9 9
20 10
68 3
13 7
96 4
48 7
28 10
91 10
4 4
59 4
85 9
10 5
84 7
41 5
99 6
21 8
66 10
48 9
17 5
70 4
91 9
100 4
10 7
55 6
28 3
28 3
84 9
90 4
88 4
86 10
27 3
65 6
14 9
58 6
16 10
82 3
48 10
4 10
98 5
5 3
5 10
24 5
88 5
24 7
43 9
58 5
12 8
53 3
55 5
9 5
33 7
33 9
94 5
51 10
96 7
30 6
10 5
3 5
28 10
43 9
3 8
44 6
15 9
82 4
73 3
93 8
80 7
30 3
27 6
44 4
67 5
36 6
19 4
17 9
38 3
62 4
78 6
29 8
65 7
4 3
92 4
43 7
54 4
48 3
96 4
7 9
60 6
31 10
75 7
80 7
7 7
20 10
22 5
100 9
26 4
65 7
47 4
32 8
56 7
70 3
17 3
2 6
88 7
81 3
26 6
64 6
73 6
35 9
78 10
51 3
32 10
80 10
71 6
26 3
61 6
94 7
7 7
32 10
82 6
86 8
30 8
33 4
59 6
35 9
85 7
45 4
42 3
1 4
11 8
78 10
30 6
37 10
73 3
71 4
55 8
34 4
26 9
63 6
31 3
51 6
20 7
33 5
85 4
23 10
59 8
70 9
91 8
100 7
21 7
44 9
88 7
72 5
19 7
91 3
16 9
34 4
46 8
74 9
70 4
32 7
73 6
36 7
84 7
95 6
15 10
46 5
29 9
4 9
2 6
58 9
44 9
65 4
27 9
14 3
2 3
22 4
61 6
5 6
21 10
83 10
83 8
62 6
88 8
19 8
90 10
49 10
93 8
34 9
62 9
14 8
36 5
24 3
43 4
27 5
73 9
63 3
48 8
79 5
47 3
1 9
89 8
29 8
79 8
60 9
49 6
57 8
80 3
11 9
62 5
93 3
91 6
14 6
96 7
48 3
70 8
2 9
74 4
42 3
25 7
2 9
62 3
93 4
72 7
78 5
73 3
13 3
60 4
55 4
14 8
93 5
42 10
81 9
65 6
25 6
24 7
46 5
58 6
98 5
87 10
54 7
9 6
19 5
46 10
89 6
65 4
35 8
36 5
17 10
92 7
74 5
18 5
57 9
20 4
86 6
75 10
64 4
14 8
29 9
90 10
11 8
62 6
32 9
53 8
7 5
70 5
44 8
88 4
89 8
20 7
29 6
49 10
63 5
87 3
78 6
70 10
14 10
70 9
25 9
15 7
71 8
48 9
44 6
95 7
60 10
71 5
36 5
15 5
38 4
90 7
70 10
19 3
88 8
76 9
32 4
4 6
54 9
19 6
60 8
42 9
10 4
22 3
96 7
32 6
53 6
47 8
77 3
87 10
62 4
91 7
83 7
97 10
52 5
16 8
2 10
32 6
51 10
59 9
69 10
97 3
54 10
62 7
42 5
70 3
74 5
27 4
16 4
44 7
90 4
76 3
82 4
41 7
91 4
16 8
7 4
42 5
71 5
43 9
76 7
91 3
40 9
12 10
93 9
43 4
20 6
84 7
27 6
27 3
83 7
65 3
59 4
21 6
43 3
40 8
8 4
78 4
19 8
16 3
67 7
92 9
28 4
80 8
63 8
15 10
47 9
8 3
56 9
20 7
98 4
98 10
15 7
55 10
26 8
1 6
45 5
48 6
62 6
50 3
71 9
43 5
6 10
43 4
66 3
65 7
46 6
74 7
4 3
31 4
9 5
44 5
84 6
29 6
36 5
52 9
16 6
92 9
10 10
4 4
71 4
100 7
95 9
31 8
46 9
11 8
71 3
60 6
28 5
48 8
95 10
57 5
80 9
96 10
59 6
83 9
4 4
23 5
30 9
36 5
69 10
41 9
21 6
94 5
28 10
34 7
35 3
52 3
44 6
56 7
13 5
3 8
44 5
63 3
96 5
27 8
30 10
99 7
91 7
8 7
89 4
14 10
45 10
64 10
48 9
4 8
48 10
46 10
98 7
40 5
31 5
78 6
91 8
96 6
86 8
91 10
53 10
55 8
45 10
21 7
36 8
56 4
91 10
29 5
36 8
67 7
58 6
23 6
68 4
34 4
10 4
98 6
12 8
59 7
76 8
86 3
23 7
19 9
41 7
49 8
59 6
59 9
91 9
26 9
35 7
36 4
86 7
1 10
94 3
56 10
82 9
58 10
99 10
47 8
69 5
15 9
92 8
18 4
91 6
52 10
75 9
68 10
88 9
3 10
58 6
89 3
98 8
49 8
2 4
5 10
61 5
3 3
30 8
100 3
71 9
58 8
59 3
90 6
30 5
79 6
24 6
2 10
88 10
11 3
55 8
40 5
72 8
90 6
58 9
20 9
40 7
76 8
45 7
60 9
40 3
11 5
69 10
49 10
18 7
25 4
21 7
16 5
77 3
58 8
80 5
21 4
42 9
26 6
80 9
38 7
24 4
77 3
20 5
48 7
25 7
8 10
88 8
34 8
69 5
35 9
95 4
7 3
55 10
99 8
6 3
18 8
49 6
83 3
16 7
11 6
10 3
68 8
22 7
27 10
80 6
38 5
100 3
13 7
88 10
4 5
44 5
19 9
80 4
17 3
21 4
85 3
57 8
25 3
47 5
53 8
15 8
35 6
69 5
6 7
74 8
14 10
1 5
43 5
18 4
41 9
13 8
12 3
36 7
17 3
84 6
27 7
23 6
13 3
26 4
48 6
28 5
36 5
78 5
24 10
58 5
87 7
79 8
65 3
97 4
90 10
75 7
35 10
59 7
48 6
46 3
69 5
57 3
85 5
93 10
95 6
18 9
64 9
65 5
100 7
66 8
99 8
63 3
73 10
88 6
16 7
95 9
58 9
44 5
27 9
74 4
59 3
90 4
60 10
22 9
6 6
95 9
66 7
72 7
58 3
34 7
81 7
14 8
83 9
32 5
73 5
55 8
93 4
82 6
71 9
1 4
95 9
55 8
78 6
25 8
96 8
70 4
49 6
56 6
77 5
38 8
61 7
32 6
30 4
59 4
90 7
14 4
50 4
21 7
51 4
100 10
29 6
75 6
27 7
98 8
66 9
38 9
4 5
45 7
78 4
31 9
31 9
44 5
85 3
96 4
1 7
87 4
75 5
90 3
72 10
58 4
3 9
46 10
26 8
66 3
68 6
36 10
78 6
16 6
83 3
48 7
3 10
46 9
37 8
10 9
34 8
94 6
4 3
58 6
88 9
81 7
56 6
13 8
12 5
25 8
26 8
63 8
54 10
17 6
57 4
26 5
16 10
29 5
21 9
41 7
19 6
17 10
41 5
81 10
60 9
66 7
92 4
1 10
61 10
52 5
76 4
24 8
73 3
66 4
76 4
47 4
81 7
91 3
46 10
100 7
74 6
25 4
7 5
18 10
14 7
1 4
25 3
76 9
76 9
79 4
1 8
45 9
96 5
24 10
78 7
63 8
19 5
71 7
63 3
71 6
11 5
23 6
13 4
96 6
59 10
73 7
97 7
31 7
91 9
70 7
56 6
33 9
79 8
79 6
45 6
38 5
98 3
14 7
35 5
31 8
76 4
85 3
2 3
21 7
46 7
42 10
98 3
44 9
61 9
22 5
73 10
18 7
87 7
28 4
13 8
90 5
32 8
18 8
73 10
10 3
88 8
40 9
65 7
74 5
5 5
61 4
56 6
15 10
1 7
68 6
62 9
60 9
32 7
21 10
88 6
14 4
55 4
48 4
86 3
34 8
48 10
4 4
5 7
39 6
36 6
47 6
31 8
28 4
74 9
14 7
33 7
12 4
96 5
48 6
77 5
28 5
7 9
28 7
24 3
61 4
41 4
46 8
54 5
99 6
33 3
42 9
31 7
10 6
95 4
76 8
47 5
15 4
10 4
77 10
95 8
35 10
83 10
71 7
3 8
40 7
60 6
22 3
42 3
1 7
26 4
51 7
30 10
9 3
8 5
7 4
24 7
56 5
100 7
18 7
6 8
50 5
79 5
87 3
93 7
1 9
70 3
3 6
4 7
99 4
99 10
18 8
72 4
65 4
21 7
39 3
74 5
27 10
39 8
2 6
95 8
86 7
79 6
21 4
99 5
63 3
49 4
78 9
2 6
25 6
40 10
75 3
69 10
17 8
5 8
37 3
84 3
81 5
42 4
53 3
91 9
52 6
53 6
70 6
17 6
57 10
6 9
29 9
8 7
85 8
67 5
37 6
31 5
27 6
56 3
2 10
64 10
41 4
39 5
43 4
79 4
13 6
54 10
76 6
92 7
5 8
97 8
20 9
79 10
84 9
20 6
60 7
92 6
59 8
40 7
41 10
20 8
93 9
50 5
28 10
55 4
59 9
72 9
79 10
81 7
39 8
88 5
90 4
88 5
30 8
41 3
55 3
62 7
39 5
62 8
44 6
9 6
43 9
24 4
92 10
17 7
9 9
19 6
3 5
62 10
35 8
54 5
68 7
3 10
68 7
45 8
30 6
80 9
24 4
30 8
36 7
63 9
45 7
14 3
77 10
38 9
58 3
72 4
53 4
13 8
19 3
89 9
4 5
70 10
53 7
50 3
91 5
45 7
46 4
66 6
89 3
42 7
9 5
35 5
64 9
94 7
80 3
94 8
70 4
87 10
77 5
51 4
82 7
52 8
52 9
76 5
73 4
42 4
84 5
33 5
16 8
4 5
28 4
43 4
63 5
75 5
64 9
54 10
6 6
82 8
13 5
78 6
92 9
59 5
26 7
18 6
91 8
60 10
85 10
45 6
15 10
37 10
48 9
60 6
67 7
75 4
88 9
67 4
18 3
58 9
61 8
68 9
32 10
22 8
50 3
52 9
85 7
70 6
98 10
64 7
21 3
22 3
61 3
55 4
58 8
49 3
32 10
68 9
43 8
23 8
59 6
75 5
64 9
50 7
51 8
62 4
29 7
87 10
31 3
40 5
92 5
67 6
49 8
24 8
4 5
82 10
38 4
65 4
55 3
20 9
66 9
58 4
23 4
77 8
5 10
99 7
3 10
42 6
86 7
78 3
90 5
91 4
20 9
50 10
14 4
62 6
17 5
7 6
95 6
78 9
89 8
46 4
49 7
17 3
61 3
65 3
44 6
3 3
39 3
56 4
88 5
14 7
2 3
25 4
63 5
64 4
40 10
91 3
64 4
57 5
49 6
57 6
29 6
34 5
30 10
72 3
89 7
17 6
9 3
94 10
21 6
100 4
40 7
60 3
17 6
23 5
17 10
55 8
17 10
2 4
67 10
5 7
16 8
96 9
65 10
54 8
16 7
5 8
38 8
63 6
18 3
72 10
59 6
22 10
45 4
54 9
84 5
18 7
37 7
37 6
81 9
52 7
47 5
46 5
92 8
30 7
65 9
65 3
58 7
1 4
2 9
22 10
91 3
57 5
82 9
36 6
66 4
32 10
4 4
58 8
67 3
14 7
69 4
41 3
37 9
7 4
91 5
91 8
55 7
42 4
74 4
88 3
72 9
15 3
27 6
20 9
21 8
63 10
64 3
62 10
50 10
45 4
91 5
25 7
63 3
16 10
94 6
91 9
22 7
15 6
78 8
49 3
12 6
15 10
12 7
94 5
92 5
11 7
45 3
16 10
39 3
12 4
70 9
42 5
63 6
72 8
26 3
3 8
19 9
93 9
3 6
10 8
88 10
80 6
93 6
15 6
23 3
100 8
55 7
30 5
80 4
10 10
79 10
12 7
14 4
66 9
51 9
22 3
26 7
69 10
6 8
78 5
85 6
19 4
24 8
53 3
29 5
15 10
19 3
58 10
48 6
16 9
65 4
32 7
56 9
33 10
34 4
73 7
66 6
51 7
27 9
43 7
39 5
96 6
52 4
70 7
83 9
93 3
48 4
70 4
45 7
65 7
50 10
67 3
29 7
17 5
61 5
80 8
97 10
61 4
15 5
64 4
12 6
46 3
45 6
52 6
70 3
73 4
86 9
22 4
5 9
10 10
53 3
53 6
4 7
55 9
9 7
100 8
80 5
80 5
14 7
67 8
100 6
68 10
84 6
17 9
15 6
41 5
64 3
25 3
88 10
79 4
76 9
62 9
26 3
87 7
23 7
21 10
25 7
20 9
20 3
44 4
32 10
90 10
6 6
13 7
22 9
100 3
64 5
15 6
50 10
78 7
5 5
48 3
6 4
32 4
2 10
4 4
30 8
67 5
48 4
11 10
74 3
27 9
20 7
94 7
19 8
36 9
37 6
76 6
69 9
11 9
26 7
5 5
81 5
29 7
49 5
29 9
59 8
66 5
64 7
97 9
35 6
34 3
34 3
43 7
90 3
17 7
91 8
93 3
15 6
96 3
59 8
50 8
38 5
2 8
71 8
91 8
68 10
95 9
97 7
19 4
28 7
1 8
29 8
100 9
98 9
48 3
69 9
38 7
93 9
71 10
8 6
33 6
87 4
41 7
34 9
98 4
65 4
91 5
95 6
18 8
66 3
41 8
7 6
62 10
77 7
10 9
19 6
53 7
4 9
18 4
87 3
12 6
4 10
30 10
23 10
22 3
27 10
53 9
62 10
38 7
20 4
93 4
63 6
48 7
62 7
16 8
14 6
49 5
40 10
25 5
26 3
49 3
58 7
65 6
69 5
14 8
11 4
77 9
94 8
5 5
90 4
70 6
5 7
100 5
51 9
74 6
94 6
46 6
14 5
13 10
23 7
38 3
63 4
69 5
31 5
4 3
98 6
8 7
100 10
93 4
38 10
72 8
45 9
1 9
77 3
48 8
59 4
35 3
81 8
79 8
8 8
32 5
87 9
82 7
70 8
72 9
90 8
35 10
91 8
27 10
56 3
30 9
74 4
34 7
9 5
90 5
55 8
69 10
53 4
72 10
72 10
34 3
23 5
22 6
16 6
14 9
62 6
39 8
10 5
16 10
76 9
41 6
35 5
64 4
95 3
40 7
1 7
30 8
93 8
86 10
62 4
4 8
42 10
77 10
40 5
67 8
59 3
37 5
28 3
72 5
63 5
61 7
78 5
27 6
74 9
70 3
38 8
13 4
29 8
12 8
17 3
54 6
58 5
46 6
41 7
18 10
62 5
70 8
93 4
96 6
87 4
73 5
48 3
14 5
41 9
25 4
53 9
2 6
30 10
22 9
24 6
8 5
50 9
42 7
69 4
73 4
71 8
26 6
43 9
49 5
8 6
63 8
99 5
49 7
19 4
19 9
82 6
60 8
3 8
13 8
84 9
4 5
85 7
18 5
68 4
96 3
18 3
22 5
68 10
65 8
65 6
58 10
1 5
45 6
37 5
22 6
52 10
61 6
2 4
100 3
66 3
14 10
25 8
1 5
46 5
100 6
74 9
21 3
44 10
22 4
3 9
91 5
42 4
57 3
24 6
28 8
40 4
98 7
37 4
28 4
98 10
91 9
94 4
25 8
44 9
88 8
36 6
51 4
40 10
3 5
76 4
83 7
51 8
56 5
84 6
20 8
46 4
38 7
6 3
98 3
34 8
23 10
10 6
30 8
34 5
80 3
58 5
3 3
88 5
29 3
38 6
2 10
86 8
57 4
100 5
9 4
80 3
67 4
49 8
7 5
67 5
51 10
24 3
29 6
17 7
14 6
97 5
24 7
63 5
61 10
87 3
57 3
95 3
64 6
31 7
21 10
36 3
15 6
24 8
1 9
78 5
62 6
39 10
34 10
95 8
21 3
93 9
29 10
89 5
7 5
64 8
100 6
66 8
60 4
33 6
9 10
33 8
95 6
27 7
66 8
94 6
25 10
49 8
20 5
68 5
38 6
21 5
100 10
31 10
78 10
53 6
75 3
52 3
42 5
71 6
28 9
32 7
40 6
52 9
54 3
4 10
38 8
6 7
19 9
20 4
81 7
91 8
15 10
16 3
58 8
28 7
51 6
1 3
93 6
87 6
10 7
45 8
29 7
41 9
23 10
44 5
62 6
81 4
14 7
20 5
37 7
13 4
69 9
85 4
96 3
94 9
28 10
3 6
9 7
7 7
23 6
29 10
82 8
33 4
61 5
57 9
88 9
2 10
49 5
44 4
82 4
42 9
70 6
42 3
38 6
53 9
8 7
45 9
59 4
48 5
17 7
57 5
11 4
57 6
79 5
38 10
17 7
85 4
72 5
91 10
97 7
94 9
38 8
26 6
17 4
27 10
22 7
34 8
58 5
34 4
84 4
40 4
48 4
97 5
60 8
79 5
87 7
99 8
33 4
10 6
2 3
40 7
36 5
27 10
60 5
92 6
40 4
39 10
78 6
85 8
4 9
15 3
9 4
20 5
60 3
56 8
33 10
61 9
91 4
64 9
3 8
5 7
92 7
61 10
92 10
4 8
50 5
10 10
85 10
92 8
70 7
38 9
98 5
95 7
32 3
51 6
44 3
31 3
40 8
73 4
4 3
24 9
70 3
35 9
35 10
34 3
71 9
4 10
3 8
31 5
92 9
9 9
11 4
72 6
78 10
77 7
38 5
93 5
70 8
79 8
12 10
70 7
60 6
44 5
39 7
65 8
81 8
14 4
78 8
7 4
21 7
75 7
92 4
93 10
37 6
83 6
12 10
11 9
50 3
4 6
12 3
19 7
76 9
88 8
9 7
60 5
13 7
22 4
8 10
4 9
42 4
6 5
25 3
100 5
90 8
77 3
19 4
9 5
91 7
59 5
26 7
17 5
57 8
28 10
3 9
2 3
17 9
93 5
89 10
69 9
58 9
58 6
15 10
83 5
78 6
9 4
100 8
25 10
15 4
77 3
14 6
39 10
15 8
71 10
41 10
17 10
87 8
41 8
87 4
6 7
17 4
85 6
40 7
40 8
32 7
82 3
39 9
63 3
82 6
19 4
62 9
43 10
98 10
62 6
14 8
2 3
97 7
89 8
99 7
74 4
2 3
60 4
20 8
51 4
11 5
18 6
58 10
45 4
18 6
28 9
36 5
17 10
40 7
55 4
99 5
17 10
93 3
24 10
20 9
93 5
100 8
19 7
44 4
18 3
50 3
10 3
29 3
52 9
14 4
7 8
65 4
22 9
15 10
88 10
35 6
56 3
37 10
46 4
55 10
87 7
13 7
41 7
45 9
17 9
5 9
59 9
53 4
3 10
5 6
97 8
63 9
32 5
47 3
74 9
37 8
32 6
94 7
19 10
75 3
35 3
29 4
88 6
74 3
60 3
31 6
25 9
63 6
45 7
1 9
70 10
15 9
82 8
42 9
99 4
92 3
97 3
88 8
8 6
90 7
14 9
11 6
71 7
84 9
92 5
68 10
78 7
69 5
39 5
46 10
22 8
9 9
59 7
68 10
98 9
91 6
74 9
66 4
47 9
88 4
24 9
15 4
51 4
74 3
68 3
48 6
6 7
40 4
22 7
30 3
4 4
70 8
45 8
29 10
58 4
90 10
5 5
65 6
1 9
21 8
17 4
24 6
46 10
40 7
74 10
58 6
14 9
10 10
14 10
27 6
62 5
30 4
22 10
54 4
87 10
84 10
84 9
12 9
40 7
89 7
70 10
61 5
38 9
87 5
74 5
84 3
70 9
12 5
57 10
79 6
53 3
88 9
52 4
23 10
60 6
61 9
85 3
26 3
51 6
43 8
84 6
8 6
77 8
72 8
28 6
32 10
52 4
20 7
53 7
36 8
12 10
11 8
51 4
19 4
70 3
38 9
56 3
61 5
31 6
58 3
11 6
65 3
53 6
12 10
17 8
72 7
40 7
38 9
33 8
17 8
87 5
59 4
5 8
8 3
37 9
27 8
84 3
3 7
84 5
6 10
71 6
78 4
72 10
99 5
56 3
25 6
2 4
96 4
60 5
45 9
46 9
40 7
13 6
19 10
13 6
24 4
35 6
18 10
35 4
72 9
29 10
66 3
34 5
75 5
96 6
18 9
38 9
35 4
13 9
2 3
44 9
33 5
17 5
98 6
23 6
55 9
68 3
18 10
27 7
94 8
51 7
82 7
83 7
89 6
43 9
10 9
65 8
30 6
59 6
79 10
74 8
18 9
86 3
8 6
25 7
40 7
32 4
1 6
4 10
5 3
78 10
7 9
11 4
43 6
2 9
58 8
31 3
51 10
2 3
50 9
75 3
48 3
2 6
92 4
8 9
33 10
62 9
41 4
27 7
94 5
41 4
14 5
10 5
43 7
42 8
57 3
79 5
65 4
34 4
18 5
63 9
72 10
43 8
79 7
11 6
6 3
49 7
59 8
77 4
10 4
84 9
45 5
94 7
75 3
9 8
25 9
63 6
82 3
30 9
99 5
96 3
16 9
9 9
15 6
50 5
8 10
87 7
16 5
54 9
2 9
54 10
17 7
46 10
29 6
95 9
7 6
6 5
87 3
49 4
75 4
26 9
11 6
30 9
51 3
76 9
42 8
28 8
51 5
55 4
5 4
53 3
56 3
7 8
36 7
15 5
59 4
9 9
71 10
45 6
91 8
3 10
77 5
52 8
94 3
89 8
28 5
78 8
79 4
87 4
99 4
39 5
54 10
79 5
88 6
5 6
84 6
55 9
57 5
57 3
50 5
88 8
85 10
3 7
37 5
8 9
21 10
48 5
78 9
3 7
31 3
79 5
85 10
19 4
49 5
35 3
3 7
80 8
81 7
75 8
34 7
92 9
43 3
79 6
42 10
57 4
83 6
88 3
30 5
21 10
43 10
62 7
72 5
31 7
97 10
100 10
29 10
6 7
60 7
47 4
89 10
79 10
58 9
48 10
47 8
59 5
24 7
58 10
85 8
18 10
7 8
67 5
26 3
32 3
48 5
68 9
84 8
35 5
39 9
83 7
47 9
54 3
13 10
21 5
10 4
5 3
59 6
46 5
14 3
79 7
87 4
100 9
98 8
18 6
3 4
57 5
74 7
89 9
18 6
23 7
25 3
58 6
40 9
61 8
59 5
46 9
54 4
15 8
94 5
66 9
100 8
95 5
74 5
57 3
75 5
1 3
30 8
68 3
80 10
40 3
37 5
70 3
25 5
97 8
92 9
44 3
5 8
61 6
83 5
73 9
87 10
31 5
100 10
15 7
78 8
46 6
71 3
2 6
70 7
88 7
44 10
20 9
41 5
61 3
66 9
67 4
56 10
77 10
82 6
50 9
26 5
73 4
5 6
36 3
17 5
97 7
45 6
75 10
6 5
76 8
24 9
74 8
63 9
80 4
50 4
70 9
82 8
3 4
49 7
7 4
22 10
32 3
15 5
64 3
6 10
77 9
64 3
10 8
18 8
67 7
17 10
100 7
78 8
3 3
47 9
70 3
6 3
30 6
69 4
21 7
91 9
33 7
68 9
27 4
15 6
10 8
57 3
55 7
73 7
63 8
45 3
82 10
75 10
83 3
86 3
27 3
81 9
64 5
95 7
4 8
20 10
77 5
64 4
44 5
91 5
36 9
75 3
97 7
32 9
81 9
30 7
19 6
57 5
69 5
3 4
24 7
70 7
36 5
40 8
79 8
14 3
86 7
63 3
4 3
38 8
63 9
74 3
49 10
9 7
60 10
84 5
25 7
82 4
45 3
6 5
41 3
13 8
6 10
26 3
21 10
91 10
95 10
5 3
53 10
89 8
6 9
43 9
6 7
28 8
19 5
7 4
38 8
66 4
75 6
25 7
4 6
84 9
24 4
56 10
65 10
99 9
50 3
90 8
8 4
49 8
13 7
78 4
36 3
35 7
57 3
50 10
38 5
11 7
28 10
48 6
34 7
54 7
41 3
98 4
55 6
19 5
73 5
6 9
56 3
81 10
44 5
93 4
53 4
44 4
47 5
45 5
2 7
41 10
87 6
4 7
19 6
2 9
50 8
53 10
69 7
19 8
4 10
6 7
28 9
95 7
60 5
88 9
31 8
95 10
85 5
39 4
58 10
45 8
31 10
42 4
58 7
3 3
70 6
37 8
37 4
74 5
53 8
91 5
82 3
6 8
100 8
80 7
40 9
40 3
21 10
43 4
99 4
56 8
62 6
26 4
43 10
76 10
88 8
71 8
35 6
90 8
21 10
40 6
67 3
73 8
9 5
33 8
62 4
25 3
42 10
23 4
19 10
36 10
79 7
45 7
6 5
15 4
100 9
37 3
20 8
31 6
75 9
99 9
96 3
81 7
73 7
19 7
31 4
47 10
34 9
77 6
86 8
77 10
98 6
1 7
77 9
94 8
16 10
80 6
14 5
8 7
46 7
47 10
81 3
48 9
40 6
9 7
25 4
60 9
7 6
85 5
76 4
68 7
7 3
90 8
24 9
42 5
83 8
99 5
2 4
8 7
39 7
86 8
23 3
82 3
50 9
88 3
46 7
22 10
46 3
37 9
71 5
12 7
44 9
75 6
71 7
37 8
18 6
94 10
3 6
84 6
12 3
81 4
33 4
47 4
87 3
11 10
27 4
2 6
97 3
93 7
14 6
30 8
68 10
70 3
12 3
89 5
58 5
12 6
60 5
12 7
94 9
57 3
14 6
22 7
47 6
63 3
51 9
54 10
44 8
16 4
25 8
22 4
16 9
97 10
10 8
62 5
43 8
79 10
21 4
29 6
70 9
6 9
36 8
3 4
58 9
34 9
38 4
35 3
86 8
82 8
5 8
56 7
99 5
81 4
33 5
55 9
44 9
26 8
89 4
69 7
54 4
14 8
14 7
94 3
84 4
92 6
2 10
76 3
7 4
43 4
27 10
48 10
65 3
51 9
67 4
63 6
28 9
72 4
3 5
12 8
74 7
40 3
77 4
4 10
22 10
56 4
43 5
17 4
97 3
60 10
77 5
55 8
84 3
62 6
72 6
28 9
12 10
25 5
59 9
5 5
9 4
4 9
85 3
81 9
57 8
12 6
71 4
50 5
72 5
12 10
75 7
74 10
46 3
34 5
56 6
38 3
74 6
33 3
96 10
43 4
31 10
8 6
66 5
31 5
71 3
65 7
84 10
80 9
56 5
37 4
79 8
62 7
99 8
24 9
94 5
52 6
25 6
4 6
59 8
83 7
43 9
41 10
10 9
91 6
40 7
89 7
51 3
56 8
65 9
8 10
24 6
61 8
94 3
91 10
77 7
74 4
41 3
45 9
43 8
14 3
21 9
48 3
77 9
98 5
54 6
75 3
62 10
53 5
41 6
6 3
77 8
88 9
73 6
94 8
4 7
33 8
12 5
44 7
87 6
79 5
7 8
14 7
5 7
40 3
33 3
34 8
71 4
78 5
6 5
34 8
31 9
34 5
97 9
99 4
77 3
28 5
73 8
41 7
4 3
23 6
72 10
63 4
61 9
5 9
80 10
42 8
49 7
58 9
99 4
17 9
76 8
3 4
14 7
12 10
3 7
51 4
70 4
66 8
79 9
45 3
31 3
10 7
72 4
36 3
50 8
69 10
74 4
70 7
62 5
20 5
96 10
87 7
84 7
96 10
16 9
90 5
95 3
25 4
37 6
50 7
97 3
70 10
53 6
43 3
80 10
44 5
50 9
38 5
71 4
14 10
38 8
70 8
13 9
53 3
34 3
86 5
13 10
85 6
45 7
70 7
40 4
68 4
30 5
2 9
96 5
59 4
39 6
83 5
94 4
37 9
28 3
9 5
70 9
20 6
93 5
73 5
81 5
35 7
22 3
33 6
83 8
24 5
1 8
55 9
40 9
56 5
99 5
10 4
42 3
89 9
65 8
99 10
55 3
29 3
84 3
80 8
35 3
52 9
100 8
62 10
19 3
19 4
79 6
57 3
70 7
92 7
94 3
45 4
83 4
1 10
67 7
77 3
43 4
33 5
7 10
14 4
45 8
11 6
72 9
28 9
66 3
83 6
97 5
64 7
64 3
64 10
81 9
8 8
7 8
38 9
8 3
78 7
50 9
46 4
59 3
26 5
7 5
29 3
39 4
20 4
84 7
56 10
4 7
69 4
32 10
79 4
53 10
30 9
35 7
48 9
69 6
10 7
41 7
87 3
15 6
36 7
9 7
86 7
65 6
77 6
42 5
25 10
16 7
52 6
49 4
34 4
53 10
27 10
80 6
89 6
92 5
89 10
42 4
99 10
49 8
10 10
65 3
53 6
45 8
15 9
18 7
45 3
39 7
15 9
100 8
20 7
55 8
54 10
66 8
90 8
63 8
1 3
88 5
20 4
9 6
96 4
40 6
82 7
58 3
82 5
77 10
58 3
1 4
84 5
11 8
6 5
70 3
39 5
10 3
18 8
96 4
16 4
29 7
80 10
45 4
88 10
32 5
34 7
46 7
74 9
94 10
3 8
95 3
62 10
37 10
59 8
60 6
3 4
55 3
81 10
25 6
40 4
12 3
70 7
74 9
67 9
67 6
98 4
3 6
34 4
26 4
68 10
45 8
40 4
1 8
74 7
45 4
88 9
79 3
15 6
72 6
47 3
76 4
76 10
100 5
7 9
73 5
78 4
39 10
78 3
1 7
27 5
56 6
44 5
81 7
43 9
32 3
48 3
83 10
88 7
41 9
40 5
3 7
82 10
76 6
92 6
58 6
63 7
26 9
69 7
49 6
10 10
4 4
63 7
73 10
61 10
56 5
35 5
76 9
89 9
92 5
41 3
62 9
63 5
99 8
21 8
76 9
93 4
76 3
53 3
50 5
59 5
94 6
18 7
97 10
20 4
5 4
57 3
4 5
82 8
55 10
83 10
74 3
1 4
72 4
100 6
11 5
11 7
86 8
1 9
92 6
49 3
40 9
88 9
87 7
40 3
10 3
61 8
80 4
63 6
95 3
70 8
76 5
97 4
45 10
65 5
70 7
12 10
44 3
22 7
47 6
50 5
13 4
14 4
57 6
39 8
27 7
52 8
58 7
91 5
48 8
74 8
11 4
35 10
61 4
29 7
18 8
79 9
18 6
79 8
76 8
75 4
81 8
7 4
92 4
62 5
56 7
21 6
16 4
12 3
70 10
91 10
72 3
19 7
74 5
36 10
38 8
89 10
50 7
55 9
29 10
43 8
8 10
34 10
34 9
63 7
36 6
56 6
18 3
1 3
49 3
35 3
67 9
2 4
47 7
36 9
98 6
69 4
44 10
8 4
15 8
19 7
29 6
69 5
86 10
98 10
56 7
53 9
23 8
28 7
88 6
56 8
97 6
90 10
13 10
6 8
5 8
71 9
7 9
57 5
75 4
67 9
70 5
20 7
37 3
47 6
28 6
7 4
32 7
75 7
81 3
42 10
1 7
51 6
47 9
59 8
26 10
39 3
57 9
25 10
37 3
96 6
53 9
64 4
76 4
84 5
20 5
18 5
77 7
50 10
94 6
77 5
1 7
86 6
21 5
16 6
92 7
93 8
28 8
79 7
48 9
37 8
66 9
45 3
33 3
100 10
97 6
85 9
9 5
40 9
10 8
95 3
86 5
32 6
46 5
99 10
93 8
40 4
99 6
75 3
70 4
24 9
53 10
56 8
12 10
46 5
68 7
9 6
45 9
54 10
86 4
35 6
70 5
57 3
85 7
46 6
79 7
3 5
8 3
59 8
92 9
18 4
73 6
89 10
94 5
89 8
56 8
32 3
17 5
80 8
44 3
70 8
16 3
83 6
85 6
91 5
94 8
88 7
93 3
95 6
59 3
14 8
100 7
43 4
80 3
60 5
41 5
20 9
59 5
45 8
25 3
21 7
3 4
65 3
49 8
26 4
65 6
22 5
42 4
94 6
98 3
2 9
4 3
72 7
51 7
4 3
60 5
64 5
58 10
3 7
82 3
82 10
38 6
59 3
51 4
17 10
48 3
49 7
55 4
43 3
50 9
38 9
7 5
62 3
35 4
57 10
8 8
72 3
80 5
61 8
68 5
15 9
56 5
31 3
81 5
97 4
47 4
20 3
90 6
84 7
23 9
45 7
92 5
92 4
98 4
83 6
85 7
80 9
42 10
4 6
12 6
68 4
70 5
48 7
90 8
96 8
4 7
86 5
1 10
42 9
11 4
29 4
91 4
39 5
69 5
90 8
31 9
48 3
15 4
19 3
64 5
48 5
28 9
61 8
37 4
28 10
85 8
93 10
65 4
46 6
21 9
41 10
35 5
65 7
15 5
78 6
70 9
69 4
50 9
75 6
19 7
50 8
69 10
6 7
58 5
37 4
41 4
5 3
95 9
26 6
90 3
71 6
60 5
74 4
29 4
99 7
98 6
18 4
8 6
96 10
70 8
32 3
88 10
18 4
85 7
78 3
35 6
64 10
45 6
90 3
62 3
67 3
4 7
52 3
33 7
48 10
37 3
5 5
23 5
35 4
19 9
63 8
80 4
40 5
73 5
50 9
70 7
87 4
1 5
21 7
43 4
40 9
87 8
7 10
66 6
20 9
58 3
94 8
83 8
95 4
12 5
3 8
17 4
92 8
42 9
31 9
81 10
51 8
62 4
1 5
92 8
19 3
43 4
94 7
39 3
41 3
93 5
77 8
34 6
38 9
6 9
48 5
61 9
27 3
64 4
14 5
9 8
87 4
33 7
72 5
29 10
32 10
75 4
70 5
13 3
50 9
24 8
43 9
21 4
51 4
44 6
46 7
41 10
35 9
49 9
47 7
13 4
9 5
27 3
14 9
64 7
46 5
8 6
62 8
68 6
53 8
69 9
9 8
3 5
15 8
60 3
43 6
96 6
65 8
40 5
20 7
1 4
83 9
51 6
75 9
24 7
79 5
96 9
3 8
92 4
96 9
3 10
12 8
37 7
94 5
17 7
50 4
54 7
58 5
72 7
44 4
50 10
52 6
57 7
48 5
23 10
11 4
3 4
62 10
1 5
10 7
19 9
57 10
6 9
25 8
69 8
5 4
