200 50
3 9
84 6
97 4
72 6
77 5
36 4
31 4
50 9
62 9
1 9
22 7
59 7
76 9
78 8
71 3
92 10
14 3
50 3
72 3
22 9
95 4
39 7
34 4
73 5
87 7
49 7
86 5
52 8
68 8
23 5
86 9
80 5
100 9
66 10
89 4
54 5
24 7
21 9
54 4
79 5
51 4
66 8
52 4
60 5
37 9
6 8
53 3
2 5
69 3
29 8
64 5
51 10
64 6
92 4
18 3
79 4
96 6
92 9
72 6
92 6
69 9
17 6
66 10
64 8
96 6
26 5
61 5
35 6
82 9
14 10
41 5
84 9
71 7
43 9
19 3
87 8
93 3
62 10
79 5
12 9
3 10
82 10
49 3
92 3
93 4
53 6
4 8
97 3
52 10
88 9
4 5
66 7
3 4
77 9
91 3
59 7
51 9
94 3
74 5
7 6
3 3
12 4
26 3
95 8
59 4
75 5
19 9
74 10
79 7
31 10
75 9
33 8
27 7
69 9
28 10
13 3
70 7
47 4
33 7
28 3
62 5
80 5
76 9
25 10
50 3
42 4
39 5
48 3
48 8
53 4
35 8
12 5
48 8
83 10
71 7
19 7
37 7
23 6
13 7
10 8
79 4
63 7
49 9
25 9
86 7
33 4
68 8
5 7
61 10
38 9
89 8
72 7
50 8
12 3
56 9
11 5
19 3
34 6
65 5
36 6
52 4
93 8
29 6
21 7
36 10
35 10
83 3
34 7
8 9
34 3
97 7
66 9
18 6
29 5
6 4
5 9
17 9
87 4
100 6
58 7
67 10
87 3
19 9
43 4
50 3
21 9
52 8
61 10
48 7
43 7
2 4
65 10
78 5
72 6
58 6
4 6
17 5
3 10
59 7
94 4
