100 30
3 7
94 6
14 7
25 7
82 5
26 2
70 3
91 4
36 4
83 2
25 8
20 6
58 6
10 3
94 3
65 5
74 6
99 5
17 5
5 3
76 8
7 2
43 2
59 4
72 2
87 6
91 4
37 2
80 3
48 7
56 2
20 6
53 7
86 2
98 3
88 3
13 3
2 5
27 7
79 7
23 6
84 6
60 5
51 4
31 5
44 2
62 6
13 4
59 2
46 3
94 7
42 8
56 6
66 4
62 2
13 4
19 3
8 7
36 5
77 3
86 4
100 6
98 8
71 5
26 5
28 6
20 3
79 5
84 2
73 8
25 6
10 6
29 3
18 5
70 3
9 5
99 6
42 6
62 2
12 2
98 8
99 6
17 5
85 6
38 8
35 4
33 8
39 7
99 7
85 5
76 5
24 2
61 8
4 6
61 2
74 3
41 5
77 6
76 7
31 6
