1000 50
50 5
69 5
56 9
9 9
28 6
15 5
33 10
60 9
20 7
23 8
90 4
67 9
88 6
84 4
58 8
54 8
24 8
7 5
89 10
11 8
35 3
100 7
100 10
85 7
86 3
100 6
88 6
64 3
92 4
92 6
76 9
70 8
77 9
21 5
16 6
85 5
93 6
10 10
96 4
23 6
92 8
39 7
26 10
77 6
49 6
85 6
65 5
81 10
95 9
94 9
20 5
96 6
77 10
40 3
91 10
33 8
92 7
51 5
35 7
89 7
69 7
85 7
12 9
1 4
25 4
74 5
52 10
60 10
82 9
47 8
13 10
52 5
53 3
65 7
57 3
70 5
92 4
32 8
78 5
36 6
29 3
80 7
44 10
69 9
73 9
91 4
41 3
69 6
15 10
47 7
63 5
54 7
34 10
2 10
15 7
37 6
48 3
47 7
35 6
18 6
9 4
21 10
81 10
26 8
99 9
71 5
69 3
49 3
52 8
4 6
50 3
45 9
12 5
90 7
26 9
15 6
81 3
25 8
50 8
11 9
9 10
85 5
23 9
46 8
41 9
88 7
75 4
24 9
95 6
22 3
90 3
7 8
12 8
93 10
40 8
3 6
16 10
60 4
85 4
82 9
97 3
81 9
1 10
37 3
46 6
11 7
1 10
77 3
67 8
54 6
16 6
16 3
75 4
46 8
1 6
9 10
43 10
26 9
46 4
5 3
62 5
48 6
92 6
64 4
100 6
75 7
38 6
6 7
64 6
44 6
28 3
73 5
34 6
80 7
16 4
45 8
31 9
47 9
37 6
49 10
92 7
61 6
72 3
30 4
63 3
47 3
79 3
84 5
15 6
81 5
100 7
77 7
34 8
100 6
84 3
99 4
54 10
75 4
20 9
29 3
37 4
14 10
56 3
17 5
27 4
83 7
30 5
72 6
16 8
33 3
59 10
3 10
10 7
25 7
72 10
64 8
36 8
21 3
67 7
20 9
38 6
27 3
87 6
34 4
98 10
48 6
36 3
95 7
8 5
68 6
94 9
69 3
7 4
51 3
93 8
69 5
5 7
67 10
2 7
44 5
42 6
87 9
14 5
60 7
26 8
48 6
37 4
35 10
84 8
31 10
63 10
87 7
87 10
75 7
22 5
89 5
53 10
39 6
95 9
75 6
41 7
96 7
21 5
66 8
25 7
30 6
7 3
3 7
78 6
89 6
40 9
52 9
13 5
45 9
47 5
2 4
51 7
74 10
8 4
56 4
89 6
26 5
22 9
69 5
20 3
54 3
52 8
79 6
78 9
32 5
19 5
36 8
84 3
41 7
28 4
60 8
64 4
26 8
37 6
10 3
52 9
51 3
56 6
42 6
89 6
97 3
48 7
94 7
63 3
88 10
20 4
7 10
16 8
80 3
15 7
11 10
94 4
20 9
53 3
82 5
97 8
92 4
53 9
74 5
57 3
19 9
28 7
27 7
98 7
98 7
27 9
40 3
48 9
36 6
58 10
87 7
15 4
95 6
36 7
95 5
53 10
83 9
31 9
83 4
96 5
37 3
45 3
43 8
47 5
95 9
82 8
20 8
61 6
90 10
46 10
85 7
83 4
7 8
21 3
96 6
7 3
93 9
77 5
39 3
72 5
87 7
37 5
50 6
38 7
26 9
40 8
92 4
76 3
62 3
12 5
33 10
29 6
11 7
70 5
51 10
61 9
13 4
61 7
56 7
17 4
49 4
50 9
90 10
77 3
25 9
3 9
21 5
83 3
13 9
83 7
11 8
90 8
99 4
21 3
46 4
84 5
15 5
28 3
28 7
84 6
28 3
55 4
73 8
16 9
58 5
82 6
98 3
75 8
53 3
22 5
21 6
69 6
62 5
87 9
68 4
50 5
9 6
67 10
22 5
69 9
99 9
48 9
20 6
77 8
27 7
45 6
30 6
43 7
44 3
85 3
47 6
22 9
9 5
79 9
79 5
32 10
61 4
15 5
77 7
30 9
73 8
82 8
5 5
29 8
37 8
80 10
83 4
66 3
60 5
39 7
46 3
4 3
60 4
62 7
84 3
38 6
57 4
74 7
5 9
99 7
68 5
52 8
41 8
24 7
19 4
65 3
16 7
6 10
7 7
96 4
70 10
36 9
44 5
2 4
24 6
34 10
38 3
35 7
64 3
7 4
76 8
16 10
100 7
85 4
83 3
4 8
98 10
21 3
10 8
9 10
80 8
55 7
31 5
56 8
90 7
17 5
11 7
44 8
32 6
74 3
12 5
99 3
10 9
16 5
39 9
88 10
38 8
8 5
14 7
57 4
84 4
34 4
19 5
73 4
2 5
20 5
90 9
16 9
81 7
31 3
10 8
54 8
27 4
47 10
11 6
29 9
64 10
32 3
97 6
91 8
61 7
93 8
68 5
29 3
48 6
6 6
57 3
21 5
27 3
69 6
31 6
52 9
93 5
15 6
97 3
90 6
30 7
17 4
36 6
65 8
96 10
18 6
85 3
85 6
27 6
19 3
82 10
34 3
40 5
26 6
76 8
14 8
26 7
8 8
95 5
74 7
31 6
52 10
20 10
80 3
8 6
8 10
50 8
41 8
50 4
60 3
81 8
7 9
42 5
56 4
29 4
82 8
56 9
66 6
21 3
29 10
57 9
8 7
5 6
39 8
97 3
91 8
62 9
87 9
44 7
74 10
9 9
43 10
35 4
85 8
16 8
20 9
56 7
89 5
47 4
58 10
91 7
46 8
60 3
67 6
91 5
47 3
60 6
90 6
33 5
95 6
23 9
48 5
6 8
39 10
27 5
43 8
100 8
93 9
88 9
80 6
22 5
83 8
74 3
97 9
45 8
93 6
78 8
29 8
55 9
67 7
54 6
80 7
94 5
66 9
48 7
42 6
65 8
65 10
6 6
13 5
85 5
7 10
46 3
77 3
59 8
47 9
28 7
94 5
68 8
2 10
92 9
74 4
53 8
89 4
38 4
13 5
29 4
23 4
36 9
46 6
88 3
77 5
10 9
57 7
81 7
73 9
44 8
30 7
57 6
34 4
6 4
81 5
75 4
81 4
15 10
42 7
88 7
34 9
60 5
22 3
42 5
21 6
12 9
99 5
31 6
11 3
34 9
51 9
57 9
3 7
91 4
68 9
90 6
63 3
38 4
13 7
65 5
18 8
20 10
86 9
13 10
22 6
28 8
41 10
40 4
47 4
99 10
2 5
82 3
82 9
81 10
79 5
89 8
92 3
55 8
9 10
58 9
92 4
2 6
38 5
89 6
78 3
71 3
32 5
56 10
47 9
63 4
43 5
98 5
38 7
48 7
97 3
64 10
43 9
45 6
38 7
73 3
85 7
95 3
77 4
68 10
19 8
65 4
98 5
31 6
20 8
11 3
61 6
58 9
94 8
22 9
29 9
78 4
10 8
2 5
100 6
41 7
46 4
44 7
27 10
59 7
72 6
15 6
84 8
54 5
4 6
35 6
59 3
15 3
56 6
2 7
90 7
16 7
90 4
16 3
1 8
47 7
92 5
19 8
64 10
28 8
73 7
3 7
94 10
94 3
39 8
97 3
47 10
94 7
16 10
19 6
50 5
13 6
21 5
43 3
56 4
81 4
89 3
1 7
2 8
57 8
29 5
31 7
62 6
15 8
73 9
11 3
81 6
81 9
18 6
86 4
69 4
67 9
3 4
11 6
64 4
54 10
81 5
3 7
84 5
56 3
76 8
39 5
100 3
39 9
81 6
81 3
78 4
8 6
3 5
54 9
100 10
85 10
82 6
40 5
45 8
4 9
1 7
69 8
91 4
33 8
32 9
27 6
89 8
33 7
22 3
86 6
12 4
27 3
74 8
65 4
37 4
2 9
48 10
17 9
51 10
48 10
3 4
32 10
85 7
93 4
12 3
51 5
46 10
23 9
28 9
1 5
62 7
16 10
37 9
92 8
32 5
72 9
64 9
32 6
65 3
98 4
58 7
49 6
71 5
4 7
13 5
13 10
94 6
31 6
84 10
71 10
70 9
52 10
12 10
91 6
74 8
76 10
68 8
30 6
14 6
77 7
76 7
19 4
100 3
16 7
14 4
96 10
21 8
47 10
86 10
53 4
86 3
47 8
88 3
47 6
39 7
57 10
21 6
74 10
59 8
39 8
69 10
32 10
47 10
47 7
90 10
18 4
59 4
17 6
71 7
29 3
3 10
80 6
23 9
59 6
68 8
52 3
84 8
35 8
61 9
7 5
2 4
10 6
17 8
68 3
41 7
37 9
2 8
13 3
64 6
8 4
36 8
37 9
19 7
44 8
21 9
22 3
25 4
56 5
11 9
48 8
100 7
50 7
100 4
70 5
9 7
24 4
97 5
43 7
26 10
3 9
65 5
36 9
93 7
24 4
6 9
78 4
76 3
47 5
9 3
86 4
26 3
21 8
56 6
44 10
75 4
83 5
89 9
88 5
17 9
56 5
68 10
18 6
